  17  20  20  20  20  20  20  20  20  14   0   0   0   0  17  20  20  20  20  20  20  14   0   0  17  20  20  20  20  20  20  20  20  20  20  20  20  20  20  20  20  20  20  20  14   0   0  17  20  20  20  20  20  20  20  20  20  20  20  20  20   1  20  20  20  20  20  20  20  20  20  20  20  20  14
   0  18   2   7   8   8   8   8   8   3  15   0   0   0   0  18   2   8   8   8   8   3  15   0   0  18   2   8   8   8   8   8   8   8   8   8   8   8   8   8   8   8   8   8   3  15   0   0  18   1   1   1   1   1   1   1   1   1   1   1   1   1   1   1   1   1   1   1   1   1   1   1   1   1   1
  15  18   9   7   7   7   7   7   7  10  21  20  20  20  20  22   9   7   7   7   7  10  15   0   0  18   4   5   5   5   5   5   5   5   5   5   5   5   5   5   5   5   5   5   6  15   0   0  18   1   1   1   1   1   1   1   1   1   1   1   1   1   1   1   1   1   1   1   1   1   1   1   1   1   1
  15  18   9   7   7   7   7   7   7   7   7   7   7   7   7   7   7   7   7   7   7  10  15   0   0  18   1   1   1   1   1   1   1   1   1   1   1   1   1   1   1   1   1   1   1  15   0   0  18   1   1   1   1   1   1   1   1   1   1   1   1   1   1   1   1   1   1   1   1   1   1   1   1   1   1
  15  18   9   7   7   7   7   7   7   7   7   7   7   7   7   7   7   7   7   7   7  10  15   0   0  18   1   1   1   1   1   1   1   1   1   1   1   1   1   1   1   1   1   1   1  15   0   0  18   1   1   1   1   1   1   1   1   1   1   1   1   1   1   1   1   1   1   1   1   1   1   1   1   1   1
  15  18   4   5   5   5   5   5   5   5   5   5   5   5   5   5   7   7   7   7   7  10  15   0   0  18   1   1   1   1   1   1   1   1  16  13  13  13  13  13  13  19   1   1   1  15   0   0  18   1   1   1   1   1   1   1   1   1   1   1   1   1   1   1   1   1   1   1   1   1   1   1   1   1   1
  15  18   1   1   1   1   1   1   1   1   1   1   1   1   1   1   9   7   7   7   7  10  15   0   0  18   1   1   1   1   1   1   1   1  15   0   0   0   0   0   0  18   1   1   1  21  20  20  22   1   1   1   1   1   1   1   1   1   1   1   1   1   1   1   1   1   1   1   1   1   1   1   1   1   1
  15  18   1   1   1   1   1   1   1   1   1   1   1   1   1   1   4   5   5   5   5   6  21  20  20  22   1   1   1   1   1   1   1   1  21  20  20  20  20  20  14  18   1   1   1   1   1   1   1   1   1   1   1   1   1   1   1   1   1   1   1   1   1   1   1   1   1   1   1   1   1   1   1   1   1
  15  18   1   1   1   1   1   1   1   1   1   1   1   1   1   1   1   1   1   1   1   1   1   1   1   1   1   1   1   1   1   1   1   1   2   8   8   8   8   3  15  18   1   1   1   1   1   1   1   1   1   1   1   1   1   1   1   1   1   1   1   1   1   1   1   1   1   1   1   1   1   1   1   1   1
  15  18   1   1   1   1   1   1   1   1   1   1   1   1   1   1   1   1   1   1   1   1   1   1   1   1   1   1   1   1   1   1   1   1   9   7   7   7   7  10  15  18   1   1   1   1   1   1   1   1   1   1   1   1   1   1   1   1   1   1   1   1   1   1   1   1   1   1   1   1   1   1   1   1   1
  15  18   1   1   1   1   1   1   1   1   1   1   1   1   1   1   1   1   1   1   1   1   1   1   1   1   1   1   1   1   1   1   1   1   9   7   7   7   7  10  15  18   1   1   1   1   1   1   1   1   1   1   1   1   1   1   1   1   1   1   1   1   1   1   1   1   1   1   1   1   1   1   1   1   1
  15  18   1   1   1   1   1   1   1   1   1   1   1   1   1   1   1   1   1   1   1   1   1   1   1   1   1   1   1   1   1   1   1   1   4   5   5   5   5   6  21  22   1   1   1   1   1   1   1   1   1   1   1   1   1   1   1   1   1   1   1   1   1   1   1   1   1   1   1   1   1   1   1   1   1
  15  12  13  13  13  13  13  19   1   1   1   1   1   1   1   1   1   1   1   1   1   1   1   1   1   1   1   1   1   1   1   1   1   1   1   1   1   1   1   1   1   1   1   1   1   1   1   1   1   1   1   1   1   1   1   1   1   1   1   1   1   1   1   1   1   1   1   1   1   1   1   1   1   1   1
  15   0   0   0   0   0   0  18   1   1   1   1   1   1   1   1   1   1   1   1   1   1   1   1   1   1   1   1   1   1   1   1   1   1   1   1   1   1   1   1   1   1   1   1   1   1   1   1   1   1   1   1   1   1   1   1   1   1   1   1   1   1   1   1   1   1   1   1   1   1   1   1   1   1   1
  15   0   0   0   0   0   0  18   1   1   1   1   1   1   1   1   1   1   1   1   1   1   1   1   1   1   1   1   1   1   1   1   1   1   1   1   1   1   1   1   1   1   1   1   1   1   1   1   1   1   1   1   1   1   1   1   1   1   1   1   1   1   1   1   1   1   1   1   1   1   1   1   1   1   1
  15   0   0   0   0   0   0  18   1   1   1   1   1   1   1   1   1   1   1   1   1   1   1   1   1   1   1   1   1   1   1   1   1   1   1   1   1   1   1   1   1   1   1   1   1   1   1   1   1   1   1   1   1   1   1   1   1   1   1   1   1   1   1   1   1   1   1   1   1   1   1   1   1   1   1
  15   0   0   0   0   0   0  18   1   1   1   1   1   1   1   1  16  13  13  13  13  13  13  13  13  13  19   1   1   1   1  16  13  13  13  13  13  13  13  13  13  13  13  13  13  27  27  27  27  27  27  27  25   1   1   1   1   1   1   1   1   1   1   1   1   1   1   1   1   1   1   1   1   1   1
  15   0   0   0   0   0   0  18   1   1   1   1   1   1   1   1  15   0   0   0   0   0   0   0   0   0  18   1   1   1   1  15   0   0   0   0   0   0   0   0   0   0   0   0  18   1   1   1   1   1   1   1   1   1   1   1   1   1   1   1   1   1   1   1   1   1   1   1   1   1   1   1   1   1   1
  15   0   0   0   0   0   0  18   1   1   1   1   1   1   1   1  15   0   0   0   0   0   0   0   0   0  18   1   1   1   1  15   0   0   0   0   0   0   0   0   0   0   0   0  18   1   1   1   1   1   1   1   1   1   1   1   1   1   1   1   1   1   1   1   1   1   1   1   1   1   1   1   1   1   1
  15  17  20  20  20  20  20  22   1   1   1   1   1   1   1   1  15   0   0   0   0   0   0   0   0   0  18   1   1   1   1  15   0   0   0   0   0   0   0   0   0   0   0   0  18   1   1   1   1   1   1   1   1   1   1   1   1   1   1   1   1   1   1   1   1   1   1   1   1   1   1   1   1   1   1
  15  18   2   8   8   8   8   3   1   1   1   1   1   1   1   1  15   0   0   0   0   0   0   0   0   0  18   1   1   1   1  15   0   0   0   0   0   0   0   0   0   0   0   0  18   1   1   1   1   1   1   1   1   1   1   1   1   1   1   1   1   1   1   1   1   1   1   1   1   1   1   1   1   1   1
  15  18   9   7   7   7   7  10   1   1   1   1   1   1   1   1  15   0   0   0   0   0   0   0   0   0  18   1   1   1   1  15   0   0   0   0  17  20  20  20  20  20  20  20  22   1   1   1   1   1   1   1   1   1   1   1   1   1   1   1   1   1   1   1   1   1   1   1   1   1   1   1   1   1   1
  15  18   4   5   5   5   5   6   1   1   1   1   1   1   1   1  15   0   0   0   0  17  20  20  20  20  22   1   1   1   1  15   0   0   0   0  18   1   1   1   1   1   1   1   1   1   1   1   1   1   1   1   1   1   1   1   1   1   1   1   1   1   1   1   1   1   1   1   1   1   1   1   1   1   1
  15  18   1   1   1   1   1   1   1   1   1   1   1   1   1   1  15   0   0   0   0  18   2   8   8   8   3   1   1   1   1  15   0   0   0   0  18   1   1   1   1   1   1   1   1   1   1   1   1   1   1   1   1   1   1   1   1   1   1   1   1   1   1   1   1   1   1   1   1   1   1   1   1   1   1
  15  18   1   1   1   1   1   1   1   1   1   1   1   1   1   1  15   0   0   0   0  18   9   7   7   7  10   1   1   1   1  15   0   0   0   0  18   1   1   1   1   1   1   1   1   1   1   1   1   1   1   1   1   1   1   1   1   1   1   1   1   1   1   1   1   1   1   1   1   1   1   1   1   1   1
  15  18   1   1   1   1   1   1   1   1   1   1   1   1   1   1  15   0   0   0   0  18   4   5   5   5   6   1   1   1   1  15   0   0   0   0  18   1   1   1   1   1   1   1   1   1   1   1   1   1   1   1   1   1   1   1   1   1   1   1   1   1   1   1   1   1   1   1   1   1   1   1   1   1   1
  15  18   1   1   1   1   1   1   1   1   1   1   1   1   1   1  15   0   0   0   0  18   1   1   1   1   1   1   1   1   1  15   0   0   0   0  18   1   1   1   1   1   1   1   1   1   1   1   1   1   1   1   1   1   1   1   1   1   1   1   1   1   1   1   1   1   1   1   1   1   1   1   1   1   1
  15  18   1   1   1   1   1   1   1   1   1   1   1   1   1   1  15   0   0   0   0  18   1   1   1   1   1   1   1   1   1  15   0   0   0   0  18   1   1   1   1   1   1   1   1   1   1   1   1   1   1   1   1   1   1   1   1   1   1   1   1   1   1   1   1   1   1   1   1   1   1   1   1   1   1
  15  12  13  13  13  13  13  13  13  13  13  13  13  13  13  13  11   0   0   0   0  18   1   1   1   1   1   1   1   1   1  15   0   0   0   0  18   1   1   1   1   1   1   1   1   1   1   1   1   1   1   1   1   1   1   1   1   1   1   1   1   1   1   1   1   1   1   1   1   1   1   1   1   1   1
  15   0   0   0   0   0   0   0   0   0   0   0   0   0   0   0   0   0   0   0   0  18   1   1   1   1   1   1   1   1   1  15   0   0   0   0  18   1   1   1   1   1   1   1   1   1   1   1   1   1   1   1   1   1   1   1   1   1   1   1   1   1   1   1   1   1   1   1   1   1   1   1   1   1   1
  15   0   0   0   0   0   0   0   0   0   0   0   0   0   0   0   0   0   0   0   0  18   1   1   1   1   1   1   1   1   1  15   0   0   0   0  18   1   1   1   1   1   1   1   1   1   1   1   1   1   1   1   1   1   1   1   1   1   1   1   1   1   1   1   1   1   1   1   1   1   1   1   1   1   1
  15   0   0   0   0   0   0   0   0   0   0   0   0   0   0   0   0   0   0   0   0  18   1   1   1   1   1  16  13  13  13  11   0   0   0   0  18   1   1   1   1   1   1   1   1   1   1   1   1   1   1   1   1   1   1   1   1   1   1   1   1   1   1   1   1   1   1   1   1   1   1   1   1   1   1
  15   0   0   0   0   0   0   0   0   0   0   0   0   0   0   0   0   0   0   0   0  18   1   1   1   1   1  15   0   0   0   0   0   0   0   0  18   1   1   1   1   1   1   1   1   1   1   1   1   1   1   1   1   1   1   1   1   1   1   1   1   1   1   1   1   1   1   1   1   1   1   1   1   1   1
  15   0   0   0   0   0   0   0   0   0   0   0   0   0   0   0   0   0   0   0   0  18   1   1   1   1   1  15   0   0   0   0   0   0   0   0  18   1   1   1   1   1   1   1   1   1   1   1   1   1   1   1   1   1   1   1   1   1   1   1   1   1   1   1   1   1   1   1   1   1   1   1   1   1   1
  15  17  20  20  20  20  20  20  20  20  20  20  20  20  20  20  20  20  20  20  20  22   1   1   1   1   1  21  20  20  20  20  20  20  14   0  18   1   1   1   1   1   1   1   1   1   1   1   1   1   1   1   1   1   1   1   1   1   1   1   1   1   1   1   1   1   1   1   1   1   1   1   1   1   1
  15  18   2   8   8   8   3   1   1   1   1   1   1   1   1   1   1   1   1   1   7   7   1   1   1   1   1   2   8   8   8   8   8   3  15   0  12  13  13  13  13  13  13  13  13  13  13  13  13  13  13  13  13  13  13  13  13  13  13  13  13  13  13  13  13  13  13  13  13  13  13  13  13  13  13
  11  18   9   7   7   7  10   1   1   1   1   1   1   1   1   1   1   1   1   1   7   7   1   1   1   1   1   4   5   5   5   5   5   5  15   0   0   0   0   0   0   0   0   0   0   0   0   0   0   0   0   0   0   0   0   0   0   0   0   0   0   0   0   0   0   0   0   0   0   0   0   0   0   0   0
   0  18   4   5   5   5   6   1   1   1   1   1   1   1   1   1   1   1   1   1   7   7   1   1   1   1   1   1   1   1   1   1   1   1  15   0   0   0   0   0   0   0   0   0   0   0   0   0   0   0   0   0   0   0   0   0   0   0   0   0   0   0   0   0   0   0   0   0   0   0   0   0   0   0   0
   0  18   1   1   1   1   1   1   1   1   1   1   1   1   1   1   1   1   1   1   7   7   1   1   1   1   1   1   1   1   1   1   1   1  21  20  20  20  20  20  20  20  20  20  20  20  20  20  20  20  20  20  20  20  20  20  20  20  20  20  20  20  20  20  20  20  20  20  20  20  20  20  20  20  20
   0  18   1   1   1   1   1   1   1   1   1   1   1   1   1   1   1   1   1   1   7   7   1   1   1   1   1   1   1   1   1   1   1   1   1   1   1   1   1   1   1   1   1   1   1   1   1   1   1   1   1   1   1   1   1   1   1   1   1   1   1   1   1   1   1   1   1   1   1   1   1   1   1   1   1
  15  18   1   1   1   1   1   1   1   1   1   1   1   1   1   1   1   1   1   1   7   7   1   1   1   1   1   1   1   1   1   1   1   1   1   1   1   1   1   1   1   1   1   1   1   1   1   1   1   1   1   1   1   1   1   1   1   1   1   1   1   1   1   1   1   1   1   1   1   1   1   1   1   1   1
  15  18   1   1   1   1   1   7   1   1   1   1   1   1   1   1   1   1   1   1   7   7   1   1   1   1   1   1   1   1   1   1   1   1   1   1   1   1   1   1   1   1   1   1   1   1   1   1   1   1   1   1   1   1   1   1   1   1   1   1   1   1   1   1   1   1   1   1   1   1   1   1   1   1   1
  15  18   1   1   1   1   1   7   1   1   1   1   1   1   1   1   1   1   1   1   7   1   1   1   1   1   1   1   1   1   1   1   1   1   1   1   1   1   1   1   1   1   1   1   1   1   1   1   1   1   1   1   1   1   1   1   1   1   1   1   1   1   1   1   1   1   1   1   1   1   1   1   1   1   1
  15  18   1   1   1   1   1   1   1   1   1   1   1   1   1   1   1   1   1   1   1   1   1   1   1   1   1   1   1   7   7   7   7   7   1   1   1   1   1   1   1   1   1   1   1   1   1   1   1   1   1   1   1   1   1   1   1   1   1   1   1   1   1   1   1   1   1   1   1   1   1   1   1   1   1
  15  18   2   8   8   8   3   1   1   1   1   1   1   1   1   1   1   1   1   1   1   1   1   1   1   1   1   1   7   7   7   7   7   7   1   1   1   1   1   1   1   1   1   1   1   1   1   1   1   1   1   1   1   1   1   1   1   1   1   1   1   1   1   1   1   1   1   1   1   1   1   1   1   1   1
  15  18   9   7   7   7  10   1   1   1   1   1   1   1   1   1   1   1   1   1   1   1   1   1   1   1   1   1   1   1   1   1   1   1   1   1   1   1   1   1   1   1   1   1   1   1   1   1   1   1   1   1   1   1   1   1   1   1   1   1   1   1   1   1   1   1   1   1   1   1   1   1   1   1   1
  15  18   4   5   5   5   6   1   1   1   1   1   1   1   1   1   1   1   1   1   1   1   1   1   1   1   1   1   1   1   1   1   1   1   1   1   1   1   1   1   1   1   1   1   1   1   1   1   1   1   1   1   1   1   1   1   1   1   1   1   1   1   1   1   1   1   1   1   1   1   1   1   1   1   1
  15  18   1   1   1   1   1   1   1   1   1   1   1   1   1   1   1   1   1   1   1   1   1   1   1   1   1   1   1   1   1   1   1   1   1   1   1   1   1   1   1   1   1   1   1   1   1   1   1   1   1   1   1   1   1   1   1   1   1   1   1   1   1   1   1   1   1   1   1   1   1   1   1   1   1
  15  18   1   1   1   1   1   1   1   1   1   1   1   1   1   1   1   1   1   1   1   1   1   1   1   1   1   1   1   1   1   1   1   1   1   1   1   1   1   1   1   1   1   1   1   1   1   1   1   1   1   1   1   1   1   1   1   1   1   1   1   1   1   1   1   1   1   1   1   1   1   1   1   1   1
  15  18   1   1   1   1   1   1   1   1   1   1   1   1   1   1   1   1   1   1   1   1   1   1   1   1   1   1   1   1   1   1   1   1   1   1   1   1   1   1   1   1   1   1   1   1   1   1   1   1   1   1   1   1   1   1   1   1   1   1   1   1   1   1   1   1   1   1   1   1   1   1   1   1   1
  15  18   1   1   1   1   1   1   1   1   1   1   1   1   1   1   1   1   1   1   1   1   1   1   1   1   1   1   1   1   1   1   1   1   1   1   1   1   1   1   1   1   1   1   1   1   1   1   1   1   1   1   1   1   1   1   1   1   1   1   1   1   1   1   1   1   1   1   1   1   1   1   1   1   1
  15  18   1   1   1   1   1   7   1   1   1   1   1   1   1   1   1   2   8   8   8   8   8   8   8   8   8   8   8   8   8   8   8   8   8   8   8   8   8   8   8   8   8   8   8   8   8   8   8   8   8   8   8   8   8   8   8   8   8   8   8   8   8   8   8   8   3   1   1   1   1   1   1   1   1
  15  18   1   1   1   1   1   7   1   1   1   1   1   1   1   1   1   9   7   7   7   7   7   7   7   7   7   7   7   7   7   7   7   7   7   7   7   7   7   7   7   7   7   7   7   7   7   7   7   7   7   7   7   7   7   7   7   7   7   7   7   7   7   7   7   7  10   1   1   1   1   1   1   1   1
  15  18   1   1   1   1   1   1   1   1   1   1   1   1   1   1   1   4   5   5   5   5   5   5   5   5   5   5   5   5   5   5   5   5   5   5   5   5   5   5   5   5   5   5   5   5   5   5   5   5   5   5   5   5   5   5   5   5   5   5   5   5   5   5   5   5   6   1   1   1   1   1   1   1   1
  15  18   1   1   1   1   1   1   1   1   1   1   2   8   8   8   3   1   1   1   1   1   1   1   1   1   1   1   1   1   1   1   1   1   1   1   1   1   1   1   1   1   1   1   1   1   1   1   1   1   1   1   1   1   1   1   1   1   1   1   1   1   1   1   1   1   1   1   1   1   1   1   1   1   1
  15  18   1   1   1   1   1   1   1   1   1   1   9   7   7   7  10   1   1   1   1   1   1   1   1   1   1   1   1   1   1   1   1   1   1   1   1   1   1   1   1   1   1   1   1   1   1   1   1   1   1   1   1   1   1   1   1   1   1   1   1   1   1   1   1   1   1   1   1   1   1   1   1   1   1
  15  18   1   1   1   1   1   1   1   1   1   1   4   5   5   5   6   1   1   1   1   1   1   1   1   1   1   1   1   1   1   1   1   1   1   1   1   1   1   1   1   1   1   1   1   1   1   1   1   1   1   1   1   1   1   1   1   1   1   1   1   1   1   1   1   1   1   1   1   1   1   1   1   1   1
  15  18   1   1   1   1   1   1   1   1   1   1   1   1   1   1   1   1   1   1   1   1   1   1   1   1   1   1   1   1   1   1   1   1   1   1   1   1   1   1   1   1   1   1   1   1   1   1   1   1   1   1   1   1   1   1   1   1   1   1   1   1   1   1   1   1   1   1   1   1   1   1   1   1   1
  15  18   1   1   1   1   1   1   1   1   1   1   1   1   1   1   1   1   1   1   1   1   1   1   1   1   1   7   7   7   1   1   1   1   1   1   1   7   7   7   1   1   1   1   1   1   1   7   7   7   1   1   1   1   1   1   1   7   7   7   1   1   1   1   1   1   1   1   1   1   1   1   1   1   1
  15  18   1   1   1   1   1   1   1   1   1   1   1   1   1   1   1   1   1   1   1   1   1   1   1   1   1   7   7   7   1   1   1   1   1   1   1   7   7   7   1   1   1   1   1   1   1   7   7   7   1   1   1   1   1   1   1   7   7   7   1   1   1   1   1   1   1   1   1   1   1   1   1   1   1
  15  18   1   1   1   1   1   1   1   1   1   1   7   1   1   1   1   1   1   1   1   1   1   1   1   1   1   7   7   7   1   1   1   1   1   1   1   7   7   7   1   1   1   1   1   1   1   7   7   7   1   1   1   1   1   1   1   7   7   7   1   1   1   1   1   1   1   1   1   1   1   1   1   1   1
  15  18   1   1   1   1   1   1   1   1   1   1   7   1   1   1   1   1   1   1   1   1   1   1   1   1   7   7   7   7   7   1   1   1   1   1   7   7   7   7   7   1   1   1   1   1   7   7   7   7   7   1   1   1   1   1   7   7   7   7   7   1   1   1   1   1   1   1   1   1   1   1   1   1   1
  15  18   1   1   1   1   1   1   1   1   1   1   1   1   1   1   1   1   1   1   1   1   1   1   1   1   7   7   7   7   7   1   1   1   1   1   7   7   7   7   7   1   1   1   1   1   7   7   7   7   7   1   1   1   1   1   7   7   7   7   7   1   1   1   1   1   1   1   1   1   1   1   1   1   1
  15  18   1   1   1   1   1   2   8   8   8   3   1   1   1   1   1   1   1   1   1   1   1   1   1   1   7   7   7   7   7   1   1   1   1   1   7   7   7   7   7   1   1   1   1   1   7   7   7   7   7   1   1   1   1   1   7   7   7   7   7   1   1   1   1   1   1   1   1   1   1   1   1   1   1
  15  18   1   1   1   1   1   4   5   5   5   6   1   1   1   1   1   1   1   1   1   1   1   1   1   1   1   1   1   1   1   1   1   1   1   1   1   1   1   1   1   1   1   1   1   1   1   1   1   1   1   1   1   1   1   1   1   1   1   1   1   1   1   1   1   1   1   1   1   1   1   1   1   1   1
  15  18   1   1   1   1   1   1   1   1   1   1   1   1   1   1   1   1   1   1   1   1   1   1   1   1   1   1   1   1   1   1   1   1   1   1   1   1   1   1   1   1   1   1   1   1   1   1   1   1   1   1   1   1   1   1   1   1   1   1   1   1   1   1   1   1   1   1   1   1   1   1   1   1   1
  15  18   1   1   1   1   1   1   1   1   1   1   1   1   1   1   1   1   1   1   1   1   1   1   1   1   1   1   1   1   1   1   1   1   1   1   1   1   1   1   1   1   1   1   1   1   1   1   1   1   1   1   1   1   1   1   1   1   1   1   1   1   1   1   1   1   1   1   1   1   1   1   1   1   1
  15  18   1   1   1   1   1   1   1   1   1   1   1   1   1   1   1   1   1   1   1   1   1   1   1   1   1   1   1   1   1   1   1   1   1   1   1   1   1   1   1   1   1   1   1   1   1   1   1   1   1   1   1   1   1   1   1   1   1   1   1   1   1   1   1   1   1   1   1   1   1   1   1   1   1
  15  18   1   1   1   1   1   1   1   7   7   1   1   1   1   1   1   1   1   1   1   1   1   1   1   1   1   1   1   1   1   1   1   1   1   1   1   1   1   1   1   1   1   1   1   1   1   1   1   1   1   1   1   1   1   1   1   1   7   7   7   1   1   1   1   1   1   1   1   1   1   1   1   1   1
  15  18   1   1   1   1   1   1   1   1   1   1   1   1   1   1   1   1   1   1   1   1   1   1   1   1   1   1   1   1   1   1   1   1   1   1   1   1   1   1   1   1   1   1   1   1   1   1   1   1   1   1   1   1   1   1   1   1   7   7   7   7   7   7   1   1   1   1   1   1   1   1   1   1   1
  15  18   1   1   1   1   1   1   1   1   1   1   1   1   1   1   1   1   1   1   1   1   1   1   1   1   1   1   1   1   1   1   1   1   1   1   1   1   1   1   1   1   1   1   1   1   1   1   1   1   1   1   1   1   1   1   1   1   7   7   7   7   7   7   1   1   1   1   1   1   1   1   1   1   1
  15  18   1   1   1   1   1   1   1   1   1   1   1   1   1   1   1   1   1   1   1   1   1   1   1   1   1   1   1   1   1   1   1   1   1   1   1   1   1   1   1   1   1   1   1   1   1   1   1   1   1   1   1   1   1   1   1   1   7   7   7   7   7   7   1   1   1   1   1   1   1   1   1   1   1
  15  18   1   1   1   1   1   1   1   1   1   1   1   1   1   1   1   1   1   1   1   1   1   1   1   1   1   1   1   1   1   1   1   1   1   1   1   1   1   1   1   1   1   1   1   1   1   1   1   1   1   1   1   1   1   1   1   1   7   7   7   1   1   1   1   1   1   1   1   1   1   1   1   1   1
  15  18   1   1   1   1   1   1   1   1   1   1   1   1   2   3   1   1   1   1   1   1   1   1   1   1   1   1   1   1   1   1   1   1   1   1   1   1   1   1   1   1   1   1   1   1   1   1   1   1   1   1   1   1   1   1   1   1   1   1   1   1   1   1   1   1   1   1   1   1   1   1   1   1   1
  15  18   1   1   1   1   1   1   1   1   1   1   1   1   4   6   1   1   1   1   1   1   1   1   1   1   1   1   1   1   1   1   1   1   1   1   1   1   1   1   1   1   1   1   1   1   1   1   1   1   1   1   1   1   1   1   1   1   1   1   1   1   1   1   1   1   1   1   1   1   1   1   1   1   1
  15  18   1   1   1   1   1   1   1   1   1   1   1   1   1   1   7   1   1   1   1   1   1   1   1   1   1   1   1   1   1   1   1   1   1   1   1   1   1   1   1   1   1   1   1   1   1   1   1   1   1   1   1   1   1   1   1   1   1   1   1   1   1   1   1   1   1   1   1   1   1   1   1   1   1
  15  18   1   1   1   1   1   1   1   1   1   1   1   1   1   1   7   1   1   1   1   1   1   1   1   1   1   1   1   1   1   1   1   1   1   1   1   1   1   1   1   1   1   1   1   1   1   1   1   1   1   1   1   1   1   1   1   1   1   1   1   1   1   1   1   1   1   1   1   1   1   1   1   1   1
  15  18   1   1   1   1   1   1   1   1   1   1   1   1   1   1   7   1   1   1   1   1   1   1   1   1   1   1   1   1   1   1   1   1   1   1   1   1   1   1   1   1   1   1   1   1   1   1   1   1   1   1   1   1   1   1   1   1   1   1   1   1   1   1   1   1   1   1   1   1   1   1   1   1   1
  15  18   1   1   1   1   1   1   1   1   1   1   1   1   1   1   1   1   1   1   1   1   1   1   1   1   1   1   1   1   1   1   1   1   1   1   1   1   1   1   1   1   1   1   1   1   1   1   1   1   1   1   1   1   1   1   1   1   7   7   7   1   1   1   1   1   1   1   1   1   1   1   1   1   1
  15  18   1   1   1   1   1   1   1   1   1   1   1   1   1   1   1   1   1   1   1   1   1   1   1   1   1   1   1   1   1   1   1   1   1   1   1   1   1   1   1   1   1   1   1   1   1   1   1   1   1   1   1   1   1   1   1   1   7   7   7   7   7   7   1   1   1   1   1   1   1   1   1   1   1
  15  18   1   1   1   1   1   1   1   1   1   1   1   1   1   1   1   1   1   1   1   1   1   1   1   1   1   1   1   1   1   1   1   1   1   1   1   1   1   1   1   1   1   1   1   1   1   1   1   1   1   1   1   1   1   1   1   1   7   7   7   7   7   7   1   1   1   1   1   1   1   1   1   1   1
  15  18   1   1   1   1   1   1   1   1   1   1   1   1   1   1   1   1   1   1   1   1   1   1   1   1   1   1   1   1   1   1   1   1   1   1   1   1   1   1   1   1   1   1   1   1   1   1   1   1   1   1   1   1   1   1   1   1   7   7   7   7   7   7   1   1   1   1   1   1   1   1   1   1   1
  15  18   1   1   1   1   1   1   1   1   1   1   1   1   1   1   1   1   1   1   1   1   1   1   1   1   1   1   1   1   1   1   1   1   1   1   1   1   1   1   1   1   1   1   1   1   1   1   1   1   1   1   1   1   1   1   1   1   7   7   7   1   1   1   1   1   1   1   1   1   1   1   1   1   1
  15  18   1   1   1   1   1   1   1   1   1   1   1   1   1   1   1   1   1   1   1   1   1   1   1   1   1   1   1   1   1   1   1   1   1   1   1   1   1   1   1   1   1   1   1   1   1   1   1   1   1   1   1   1   1   1   1   1   1   1   1   1   1   1   1   1   1   1   1   1   1   1   1   1   1
  15  18   1   1   1   1   1   1   1   1   1   1   1   1   1   1   1   1   1   1   1   1   1   1   1   1   1   1   1   1   1   1   1   1   1   1   1   1   1   1   1   1   1   1   1   1   1   1   1   1   1   1   1   1   1   1   1   1   1   1   1   1   1   1   1   1   1   1   1   1   1   1   1   1   1
  15  18   1   1   1   1   1   1   1   1   1   1   1   1   1   1   1   1   1   1   1   1   1   1   1   1   1   1   1   1   1   1   1   1   1   1   1   1   1   1   1   1   1   1   1   1   1   1   1   1   1   1   1   1   1   1   1   1   1   1   1   1   1   1   1   1   1   1   1   1   1   1   1   1   1
  15  18   1   1   1   1   1   1   1   1   1   1   1   1   1   1   1   1   1   1   1   1   1   1   1   1   1   1   1   1   1   1   1   1   1   1   1   1   1   1   1   1   1   1   1   1   1   1   1   1   1   1   1   1   1   1   1   1   1   1   1   1   1   1   1   1   1   1   1   1   1   1   1   1   1
  15  18   1   1   1   1   1   1   1   1   1   1   1   1   1   1   1   1   1   1   1   1   1   1   1   1   1   1   1   1   1   1   1   1   1   1   1   1   1   1   1   1   1   1   1   1   1   1   1   1   1   1   1   1   1   1   1   1   1   1   1   1   1   1   1   1   1   1   1   1   1   1   1   1   1
  15  18   1   1   1   1   1   1   1   1   1   1   1   1   1   1   1   1   1   1   1   1   1   1   1   1   1   1   1   1   1   1   1   1   1   1   1   1   1   1   1   1   1   1   1   1   1   1   1   1   1   1   1   1   1   1   1   1   7   7   7   1   1   1   1   1   1   1   1   1   1   1   1   1   1
  15  18   1   1   1   1   1   1   1   1   1   1   1   1   1   1   1   1   1   1   1   1   1   1   1   1   1   1   1   1   1   1   1   1   1   1   1   1   1   1   1   1   1   1   1   1   1   1   1   1   1   1   1   1   1   1   1   1   7   7   7   7   7   7   1   1   1   1   1   1   1   1   1   1   1
  15  18   1   1   1   1   1   1   1   1   1   1   1   1   1   1   1   1   1   1   1   1   1   1   1   1   1   1   1   1   1   1   1   1   1   1   1   1   1   1   1   1   1   1   1   1   1   1   1   1   1   1   1   1   1   1   1   1   7   7   7   7   7   7   1   1   1   1   1   1   1   1   1   1   1
  15  18   1   1   1   1   1   1   1   1   1   1   1   1   1   1   1   1   1   1   1   1   1   1   1   1   1   1   1   1   1   1   1   1   1   1   1   1   1   1   1   1   1   1   1   1   1   1   1   1   1   1   1   1   1   1   1   1   7   7   7   7   7   7   1   1   1   1   1   1   1   1   1   1   1
  15  18   1   1   1   1   1   1   1   1   1   1   1   1   1   1   1   1   1   1   1   1   1   1   1   1   1   1   1   1   1   1   1   1   1   1   1   1   1   1   1   1   1   1   1   1   1   1   1   1   1   1   1   1   1   1   1   1   7   7   7   1   1   1   1   1   1   1   1   1   1   1   1   1   1
  15  18   1   1   1   1   1   1   1   1   1   1   1   1   1   1   1   1   1   1   1   1   1   1   1   1   1   1   1   1   1   1   1   1   1   1   1   1   1   1   1   1   1   1   1   1   1   1   1   1   1   1   1   1   1   1   1   1   1   1   1   1   1   1   1   1   1   1   1   1   1   1   1   1   1
  15  18   1   1   1   1   1   1   1   1   1   1   1   1   1   1   1   1   1   1   1   1   1   1   1   1   1   1   1   1   1   1   1   1   1   1   1   1   1   1   1   1   1   1   1   1   1   1   1   1   1   1   1   1   1   1   1   1   1   1   1   1   1   1   1   1   1   1   1   1   1   1   1   1   1
  15  18   1   1   1   1   1   1   1   1   1   1   1   1   1   1   1   1   1   1   1   1   1   1   1   1   1   1   1   1   1   1   1   1   1   1   1   1   1   1   1   1   1   1   1   1   1   1   1   1   1   1   1   1   1   1   1   1   1   1   1   1   1   1   1   1   1   1   1   1   1   1   1   1   1
  15  18   1   1   1   1   1   1   1   1   1   1   1   1   1   1   1   1   1   1   1   1   1   1   1   1   1   1   1   1   1   1   1   1   1   1   1   1   1   1   1   1   1   1   1   1   1   1   1   1   1   1   1   1   1   1   1   1   1   1   1   1   1   1   1   1   1   1   1   1   1   1   1   1   1
  15  18   1   1   1   1   1   1   1   1   1   1   1   1   1   1   1   1   1   1   1   1   1   1   1   1   1   1   1   1   1   1   1   1   1   1   1   1   1   1   1   1   1   1   1   1   1   1   1   1   1   1   1   1   1   1   1   1   1   1   1   1   1   1   1   1   1   1   1   1   1   1   1   1   1
  15  18   1   1   1   1   1   1   1   1   1   1   1   1   1   1   1   1   1   1   1   1   1   1   1   1   1   1   1   1   1   1   1   1   1   1   1   1   1   1   1   1   1   1   1   1   1   1   1   1   1   1   1   1   1   1   1   1   1   1   1   1   1   1   1   1   1   1   1   1   1   1   1   1   1
  15  12  13  13  13  13  13  13  13  13  13  13  13  13  13  13  13  13  13  13  13  13  13  13  13  13  13  13  13  13  13  13  13  13  13  13  13  13  13  13  13  13  13  13  13  13  13  13  13  13  13  13  13  13  13  13  13  13  13  13  13  13  13  13  13  13  13  13  13  13  13  13  13  13   1