   0   0   0   0   0   0   0   0   0   0   0   0   0   0   0   0   0   0   0   0   0   0   0   0   0   0   0   0   0   0   0   0   0   0   0   0   0   0   0   0   0   0   0   0   0   0   0   0   0   0   0   0   0   0   0   0   0   0   0   0   0   0   0   0   0   0   0   0   0   0   0   0   0   0   0
   0   0   0   0   0   0   0   0   0   0   0   0   0   0   0   0   0   0   0   0   0   0   0   0   0   0   0   0  87  88   0  87  88   0  87  88   0  87  88   0  87  88   0  86   0   0   0   0   0   0   0  61  62  63   0  14  15   0   0   0   0   0   0   0   0   0   0   0   0   0   0   0   0   0   0
   0   0   0   0   0   0   0   0  57   0   0   0   0  16   0   0   0   0   0   0   0   0   0   0   0   0   0   0   0   0   0   0   0   0   0   0   0   0   0   0   0   0   0   0   0   0   0   0   0  12  13  77  78  79   0  30  31   0   0   0   0   0   0   0   0   0   0   0   0   0   0   0   0   0   0
   0   0   0   0   0   0   0   0   0   0   0   0   0  16   0   0   0   0   0   0   0   0   0   0   0   0   0   0   0   0   0   0   0   0   0   0   0   0   0   0   0   0 109 126 126   0   0   0   0  12  13   0   0   0   0  46  47   0   0  84  84  84  84  84  84  84  84  84  84  84  84  84  84   0   0
   0   0   0 152  51  52   0   0   0   0   0  59   0 151 109 126   0   0   0   0   0   0   0   0   0   0   0   0   0   0   0   0   0   0   0   0   0   0   0   0   0   0 109 126 126   0   0   0   0  12  13   0   0   0   0   0   0   0   0  84   0   0   0   0   0   0   0   0   0   0   0   0  84   0   0
   0   0   0   0   0   0   0   0   0   0   0   0   0   0 125 126   0   0  91  92   0 153   0   0   0   0 109 126 109 126 109 126 109 126   0   0   0   0   0   0   0   0 109 126 126   0   0   0   0   0   0   0   0   0   0   0   0   0   0  84   0   0   0   0   0   0   0   0   0   0   0   0  84   0   0
   0   0   0   0   0   0   0   0  14  15   0  14  15   0 142 142   0   0 107 108   0   0   0   0   0   0 109 126 109 126 109 126 109 126   0   0   0   0   0   0   0   0 141 141 141   0   0   0   0   0   0   0   0   0   0   0   0   0   0  84  84   0   0  84  84  84  84   0   0   0  84  84  84   0   0
   0   0   0   0   0   0   0   0  30  31   0  30  31   0  16  16   0 155 156   0 162 163   0   0   0   0 125 126 125 126 125 126 125 126   0   0   0   0   0   0   0   0   0   0   0   0 109 126 126   0   0   0   0   0   0   0   0  84  84  84  84   0   0  84   0   0   0   0   0   0   0   0  84   0   0
   0   0   0   0   0   0   0   0  46  47   0  46  47   0  32  32   0 171 172   0 178 179   0   0   0   0 141 141 141 141 141 141 141 141   0   0 152  91  92   0   0   0   0   0   0   0 109 126 126   0   0   0   0   0   0   0   0  84   0   0  84   0   0  84   0   0   0   0   0   0   0   0  84   0   0
   0   0   0   0   0   0   0   0   0   0   0   0   0   0   0   0   0   0   0   0   0   0   0   0   0   0   0   0   0   0   0   0   0   0   0 152   0 107 108   0   0   0   0   0   0   0 109 126 126   0   0   0  84  84  84  84  84  84   0   0  84   0   0  84   0   0  84  84  84  84  84  84  84   0   0
   0 140  11   0   0   0   0   0   0   0   0   0   0   0   0   0   0   0   0   0   0   0   0   0   0   0   0   0   0   0   0   0   0   0   0   0   0   0   0   0   0   0   0   0   0   0  84  84  84  84  84  84  84   0   0   0   0   0   0   0  84   0   0  84   0   0  84  84   0   0   0   0   0   0   0
   0   0  10   9  61  63   0   0   0   0   0   0   0   0   0   0   0   0   0   0   0   0   0   0   0   0   0   0   0   0   0   0   0   0   0   0   0   0   0   0   0   0   0   0   0   0   0   0  84   0   0   0  84   0   0   0   0   0   0   0  84   0   0  84   0   0   0   0   0   0   0   0   0   0   0
   0   0   0   0   0   0   0   0   0   0   0   0   0   0   0   0   0   0   0   0   0   0   0   0   0   0   0   0   0   0   0   0   0   0   0   0   0   0   0   0   0   0   0   0   0   0   0  16  84   0   0   0  84  84  84  84  84  84   0   0  84   0   0  84   0   0   0   0   0   0   0  84  84  84  84
   0   0   0   0   0   0   0   0   0   0   0   0   0   0   0   0   0  16   0   0   0   0   0   0   0   0   0   0   0   0   0   0   0   0   0   0   0   0   0   0   0   0   0   0   0   0   0  32  84  84  84  84  84   0   0   0   0  84   0   0  84   0   0  84   0   0  84  84   0   0   0  84  84  84  84
   0   0   0   0   0   0   0   0   0   0   0   0   0   0   0   0   0  32   0   0  16   0   0   0   0   0   0   0   0   0   0   0   0   0   0   0   0   0   0   0   0   0   0   0   0   0   0   0   0   0   0   0   0   0   0   0   0  84   0   0  84   0   0  84   0   0  84  84   0   0   0   0   0   0   0
   0   0   0   0   0   0   0   0   0   0   0   0   0   0   0   0  61  62  63  16  32   0   0  16  61  62  63   0   0   0   0   0   0   0   0   0   0   0   0   0   0   0   0   0   0   0   0   0   0   0   0   0   0   0   0   0   0  84   0   0  84   0   0  84   0   0  84  84   0   0   0   0   0   0   0
   0   0   0   0   0   0   0   0   0   0   0   0   0   0   0   0   0   0   0   0   0   0   0   0   0   0   0   0   0   0   0   0   0   0   0   0   0   0   0   0   0   0   0   0   0   0   0   0   0   0   0   0   0   0   0   0   0  84   0   0  84   0   0  84   0   0  84  84  84  84  84  84  84   0   0
   0   0   0   0   0   0   0   0  81   0   0   0   0   0   0  81   0   0   0   0   0   0   0   0   0   0   0   0   0   0   0   0   0   0   0   0   0   0   0   0   0   0   0   0   0  84  84  84  84  84  84  84  84   0   0   0   0  84   0   0  84   0   0  84   0   0   0   0   0   0   0   0  84   0   0
   0   0   0   0   0   0   0   0   0   0   0   0   0   0   0   0   0   0   0   0   0   0   0   0   0   0   0   0   0   0   0   0   0   0   0   0   0   0   0   0   0   0   0   0   0  84   0   0   0   0   0   0  84   0   0   0   0  84   0   0  84   0   0  84   0   0   0   0   0   0   0   0  84   0   0
   0   0   0   0   0   0   0   0  81   0   0   0   0   0   0  81   0   0   0   0   0   0   0   0   0   0   0   0   0   0   0   0   0   0   0   0   0   0   0   0   0   0   0   0   0  84   0   0   0   0   0   0  84   0   0   0   0  84   0   0  84   0   0   0  84  84  84  84  84  84   0   0  84   0   0
   0   0   0  11  57  57   0   0   0   0   0   0   0   0   0   0   0   0   0   0   0   0   0   0   0   0   0   0   0   0   0   0   0   0   0   0   0   0   0   0   0   0   0   0   0  84   0   0   0   0   0   0  84   0   0   0   0  84   0   0  84   0   0   0   0   0   0   0   0   0   0   0  84   0   0
   0   0   0  57  36  36  57 152  81   0   0   0   0   0   0  81   0   0   0   0   0   0   0   0   0   0   0   0   0   0   0   0   0   0   0   0   0   0   0   0   0   0   0   0   0  84   0   0  84  84   0   0  84   0   0   0   0  84   0   0  84  84   0   0   0   0   0   0   0   0   0   0  84   0   0
   0   0  84   0  57  57   0  84   0   0   0   0   0   0   0   0   0   0   0   0   0   0   0   0   0   0   0 125 126 125 126   0   0   0   0   0   0   0   0   0   0   0   0   0  84  84   0   0  84  84   0   0  84   0   0   0   0  84   0   0   0   0  84  84  84  84  84  84  84  84   0   0  84   0   0
   0   0  85   0   0   0   0  85   0   0   0   0   0   0   0  81   0   0   0   0   0   0   0   0   0   0 154 109 126 125 126   0   0   0   0   0   0   0   0   0   0   0   0   0  84  84   0   0  84  84   0   0  84   0   0   0   0  84   0   0   0   0   0   0   0   0   0   0   0  84   0   0  84   0   0
   0   0   0   0   0   0   0   0   0   0   0   0   0   0   0   0   0   0   0   0   0   0   0   0  91  92   0 125 126 125 126   0   0   0   0   0   0   0   0  84  84   0   0   0  84  84   0   0  84  84   0   0  84   0   0   0   0  84  84  84   0   0   0   0   0   0   0   0   0  84   0   0  84   0   0
   0   0   0   0   0   0   0   0   0   0   0   0   0   0   0  81   0   0   0   0   0   0 152   0 107 108   0 125 126 125 126   0   0   0   0   0   0   0   0  84  84   0   0   0  84  84   0   0  84  84  84  84  84   0   0   0   0  84  84  84   0   0   0   0  84  84  84  84  84  84   0   0  84   0   0
   0   0   0   0   0   0   0   0   0   0   0   0   0   0   0   0   0   0   0   0   0   0   0   0   0   0   0 141 141 141 141   0   0   0   0   0   0   0   0  84  84   0   0   0   0   0   0   0   0   0   0   0   0   0   0   0   0   0   0   0   0   0   0   0  84   0   0   0   0   0   0   0  84   0   0
   0   0   0  81   0  81   0  81   0  81   0  81   0  81   0  81   0   0   0   0   0   0   0   0   0   0   0   0   0   0   0   0   0   0   0   0   0   0   0  84  84  84   0   0   0   0   0   0   0   0   0   0   0   0   0   0   0   0   0   0   0   0   0   0  84   0   0   0   0   0   0   0  84   0   0
   0   0   0   0   0   0   0   0   0   0   0   0   0   0   0   0   0   0   0   0   0   0   0   0   0   0   0   0   0   0   0   0   0   0   0   0   0   0   0  84  84  84  84   0   0  84  84  84  84  84   0   0   0   0   0   0  84  84  84  84  84  84  84  84  84   0   0  84  84  84  84  84  84   0   0
   0   0   0   0   0   0   0   0   0   0   0   0   0   0   0   0   0   0   0   0   0   0   0   0   0   0   0   0   0   0   0   0   0   0   0   0   0   0   0  84  84   0   0   0   0  84  84  84  84  84   0   0  84  84   0   0  84  84  84  84  84  84  84  84  84   0   0  84  84   0   0   0   0   0   0
   0   0   0   0   0   0   0   0   0   0   0   0   0   0   0   0   0   0   0   0   0   0   0   0   0   0   0   0   0   0   0   0   0   0   0   0   0   0   0  84  84   0   0   0   0  84  16   0   0   0   0   0  84  84   0   0   0   0   0   0   0   0   0   0  84   0   0  84  84   0   0   0   0   0   0
   0   0   0   0   0   0   0   0   0   0   0   0   0   0   0   0   0   0   0   0   0   0   0   0   0   0   0   0   0   0   0   0   0   0   0   0   0   0   0  84  84   0   0   0   0  84  32   0   0   0   0   0  84  84   0   0   0   0   0   0   0   0   0   0  84   0   0  84  84   0   0  84  84   0   0
   0   0   0   0   0   0   0   0   0   0   0   0   0   0   0   0   0   0   0   0   0   0   0   0   0   0   0   0   0   0   0   0   0   0   0   0   0   0   0  84  84   0   0  84  84  84  84  84  84  84  84  84  84  84  84  84  84  84  84  84  84  84  84  84  84   0   0  84  84   0   0  84  84   0   0
   0   0   0   0   0   0   0   0   0   0   0   0   0   0   0   0   0   0   0   0   0   0   0   0   0   0   0   0   0   0   0   0   0  16   0   0   0   0   0   0   0   0   0   0   0   0   0   0   0   0   0   0   0   0   0   0   0   0   0   0   0   0   0   0   0   0   0   0   0   0   0   0   0   0   0
   0   0   0   0   0   0   0   0   0   0   0   0   0   0   0   0   0   0   0   0   0   0   0   0   0   0   0   0   0   0   0   0   0   0   0   0   0   0   0   0   0   0   0   0   0   0   0   0   0   0   0   0   0   0   0   0   0   0   0   0   0   0   0   0   0   0   0   0   0   0   0   0   0   0   0
   0   0   0   0 152   0   0  83  83   0   0   0   0   0   0   0   0   0   0   0   0   0   0   0   0   0   0   0  59   0   0   0   0 152   0   0   0   0   0   0   0   0   0   0   0   0   0   0   0   0   0   0   0   0   0   0   0   0   0   0   0   0   0   0   0   0   0   0   0   0   0   0   0   0   0
   0   0  66 193   0  67  68  83  83   0   0   0   0   0   0   0   0   0   0   0   0   0   0   0   0   0   0 154   0   0   0   0   0   0   0   0   0   0   0   0   0   0   0   0   0   0   0   0   0   0   0   0   0   0   0   0   0   0   0   0   0   0   0   0   0   0   0   0   0   0   0   0   0   0   0
   0   0   0 209 166 167   0  83  83   0   0   0   0   0   0   0   0   0   0   0   0   0   0   0   0   0   0   0 127   0   0   0   0  16   0   0   0   0   0   0   0   0   0   0   0   0   0   0   0   0   0   0   0   0   0   0   0   0   0   0   0   0   0   0   0   0   0   0   0   0   0   0   0   0   0
   0   0 127   0 180 181   0  83  83   0   0  83  83  83  83  83  83  83   0   0   0   0   0   0   0   0   0   0   0   0   0   0   0  32   0   0   0   0   0   0   0   0   0   0   0   0   0   0   0   0   0   0   0   0   0   0   0   0   0   0   0   0   0   0   0   0   0   0   0   0   0   0   0   0   0
   0   0   0   0   0   0   0  83  83   0   0  83  83  83  83  83  83  83   0   0   0   0  16   0   0   0   0   0   0   0   0   0   0   0   0   0   0   0   0   0   0   0   0   0   0   0   0   0   0   0   0   0   0   0   0   0   0   0   0   0   0   0   0   0   0   0   0   0   0   0   0   0   0   0   0
   0   0   0   0   0   0   0  83  83   0   0  83  83   0   0   0   0   0   0   0   0   0  32  83  83  83   0   0   0   0   0   0   0   0   0   0   0   0   0   0   0   0   0   0   0   0   0   0   0   0   0   0   0   0   0   0   0   0   0   0   0   0   0   0   0   0   0   0   0   0   0   0   0   0   0
   0   0   0   0   0   0   0   0   0   0   0  83  83   0   0   0   0   0   0   0   0   0  83  83  83  83  83   0   0   0   0   0   0   0  83   0   0  83   0   0  83   0   0  83   0   0  83   0   0  83   0   0  83   0   0  83   0   0  83   0   0  83   0   0  83   0   0  83   0   0  83   0   0   0   0
   0   0   0   0   0   0   0   0   0   0   0  83  83   0   0   0   0   0   0   0   0  83  83   0   0   0  83  83   0   0   0   0   0   0  83   0   0  83   0   0  83   0   0  83   0   0  83   0   0  83   0   0  83   0   0  83   0   0  83   0   0  83   0   0  83   0   0  83   0   0  83   0   0   0   0
   0   0  83  83  83  83  83  83  83   0   0  83  83   0   0   0  83  83  83  83  83  83  83   0   0   0  83  83  83   0   0   0   0   0  83   0   0  83   0   0  83   0   0  83   0   0  83   0   0  83   0   0  83   0   0  83   0   0  83   0   0  83   0   0  83   0   0  83   0   0  83   0   0   0   0
   0   0   0   0   0   0 154  83  83   0   0  83  83   0   0   0  83   0   0   0   0  83  83   0   0   0  83  83   0   0   0   0   0   0  83  83  83  83  83  83  83  83  83  83  83  83  83  83  83  83  83  83  83  83  83  83  83  83  83  83  83  83  83  83  83  83  83  83  83  83  83   0   0   0   0
   0   0 154   0   0   0 154  83  83   0   0  83  83   0   0   0  83   0   0   0   0   0  83  83  83  83  83   0   0   0   0   0   0   0  83   0   0  83   0   0  83   0   0  83   0   0  83   0   0  83   0   0  83   0   0  83   0   0  83   0   0  83   0   0  83   0   0  83   0   0  83   0   0   0   0
   0   0   0 189   0 192 188  83  83   0   0  83  83   0   0   0  83   0   0   0   0   0   0  83  83  83   0   0   0   0   0   0   0   0  83   0   0  83   0   0  83   0   0  83   0   0  83   0   0  83   0   0  83   0   0  83   0   0  83   0   0  83   0   0  83   0   0  83   0   0  83   0   0   0   0
   0   0   0 205   0 208   0  83  83   0   0  83  83   0   0   0  83   0   0   0   0   0   0   0  83   0   0   0   0   0   0   0   0   0  83   0   0  83   0   0  83   0   0  83   0   0  83   0   0  83   0   0  83   0   0  83   0   0  83   0   0  83   0   0  83   0   0  83   0   0  83   0   0   0   0
   0   0 230   0   0   0   0  83  83   0   0  83  83   0   0   0  83   0   0   0   0   0   0   0   0   0   0   0   0   0   0   0   0   0   0   0   0   0   0   0   0   0   0   0   0   0   0   0   0   0   0   0   0   0   0   0   0   0   0   0   0   0   0   0   0   0   0   0   0   0   0   0   0   0   0
   0   0   0   0   0   0   0  83  83   0   0  83  83   0   0   0  83   0   0   0   0   0   0   0   0   0   0   0   0   0   0   0   0   0   0   0   0   0   0   0   0   0   0   0   0   0   0   0   0   0   0   0   0   0   0   0   0   0   0   0   0   0   0   0   0   0   0   0   0   0   0   0   0   0   0
   0   0 244   0   0   0   0  83  83   0   0   0   0   0   0   0  83  83  83  83  83  83  83  83  83  83  83  83  83  83  83  83  83  83  83  83  83  83  83  83  83  83  83  83  83  83  83  83  83  83  83  83  83  83  83  83  83  83  83  83  83  83  83  83  83  83  83  83  83  83  83  83  83  83  83
   0   0   0   0   0   0   0   0   0   0   0   0   0   0   0   0  83   0   0  91  92   0   0  91  92   0 152  91  92   0   0  91  92   0  91  92   0  91  92   0  91  92   0  91  92   0  91  92   0  91  92   0  91  92   0  91  92   0  91  92   0  91  92   0   0   0   0  83  83  83  83  83  83  83  83
   0   0   0   0   0   0   0   0   0   0   0   0   0   0   0   0  83   0 152 107 108   0 152 107 108   0   0 107 108   0   0 107 108   0 107 108   0 107 108   0 107 108   0 107 108   0 107 108   0 107 108   0 107 108   0 107 108   0 107 108   0 107 108   0   0   0   0  83   0   0   0   0   0   0   0
   0   0  83  83  83  83  83  83   0   0   0  83  83  83  83  83  83   0   0   0   0   0   0   0   0   0   0   0   0   0   0   0   0   0   0   0   0   0   0   0   0   0   0   0   0   0   0   0   0   0   0   0   0   0   0   0   0   0   0   0   0   0   0   0   0   0   0  83   0   0   0   0   0   0   0
   0   0  83  83  83  83  83  83   0   0   0  83   0   0   0   0   0   0   0   0   0   0   0   0   0   0   0   0   0   0   0   0   0   0   0   0   0   0   0   0   0   0   0   0   0   0   0   0   0   0   0   0   0   0   0   0   0   0   0   0   0   0   0   0   0   0   0  83   0   0   0   0   0   0   0
   0   0   0   0   0   0   0   0   0   0   0  83   0 152   0   0   0   0   0   0   0   0   0   0   0   0   0   0   0   0   0   0   0   0   0   0   0   0   0   0   0   0   0   0   0   0   0   0   0   0   0   0   0   0   0   0   0   0   0   0   0   0   0   0   0   0   0  83   0   0   0   0   0   0   0
   0   0   0   0   0   0   0   0   0   0   0  83   0   0 109 110   0   0   0   0   0   0   0   0   0   0   0   0   0   0   0   0   0   0   0   0   0   0   0   0   0   0   0   0   0   0   0   0   0   0   0   0   0   0   0   0   0   0   0   0   0   0   0   0   0   0   0  83   0   0   0   0   0   0   0
   0   0   0   0   0   0  83  83  83  83  83  83  83   0 109 126   0   0   0   0   0   0   0   0   0   0   0   0   0   0   0   0   0   0   0   0   0   0   0   0   0   0   0   0   0   0   0   0   0   0   0   0   0   0   0   0   0   0   0   0   0   0   0   0   0   0   0  83   0   0   0   0   0   0   0
   0   0   0   0   0   0  83   0   0   0   0  81  83   0 141 141   0   0   0   0  83  83  83  83  83  83  83   0   0   0  83  83  83  83  83  83  83   0   0   0  83  83  83  83  83  83  83   0   0   0  83  83  83  83  83  83  83   0   0   0  83  83  83  83   0   0   0  83   0   0   0   0   0   0   0
   0   0   0   0   0   0  83  61  63   0   0   0  83   0   0   0   0   0   0   0  83   0   0   0   0   0  83   0   0   0  83   0   0   0   0   0  83   0   0   0  83   0   0   0   0   0  83   0   0   0  83   0   0   0   0   0  83   0   0   0  83   0   0  83   0   0   0  83   0   0   0   0   0   0   0
   0   0   0   0   0   0  83  77  79   0   0   0   0   0   0   0   0   0   0   0  83   0   0   0   0  83  83   0   0   0  83  83   0   0   0  83  83   0   0   0  83  83   0   0   0  83  83   0   0   0  83  83   0   0   0  83  83   0   0   0  83  83   0  83   0   0   0  83   0   0   0   0   0   0   0
   0   0   0   0   0   0  83 230   0   0   0   0   0   0   0   0   0   0   0   0  83   0   0   0   0  83   0   0   0   0   0  83   0   0   0  83   0   0   0   0   0  83   0   0   0  83   0   0   0   0   0  83   0   0   0  83   0   0   0   0   0  83   0  83   0   0   0  83   0   0   0   0   0   0   0
   0   0   0   0   0   0  83  83  83  83  83  83  83   0   0   0   0   0   0   0  83   0   0   0   0  83   0   0   0   0   0  83   0   0   0  83   0   0   0   0   0  83   0   0   0  83   0   0   0   0   0  83   0   0   0  83   0   0   0   0   0  83   0  83   0   0   0  83   0   0   0   0   0   0   0
   0   0   0   0   0   0  83  86   0   0   0   0  83   0   0   0   0   0   0   0  83   0   0   0   0  83   0   0   0   0   0  83   0   0   0  83   0   0   0   0   0  83   0   0   0  83   0   0   0   0   0  83   0   0   0  83   0   0   0   0   0  83   0  83   0   0   0  83   0   0   0   0   0   0   0
   0   0   0   0   0   0  83   0   0   0   0   0  83   0   0   0   0   0   0   0  83   0   0   0   0  83  83  83  83  83  83  83   0   0   0  83  83  83  83  83  83  83   0   0   0  83  83  83  83  83  83  83   0   0   0  83  83  83  83  83  83  83   0  83   0   0   0  83   0   0   0   0   0   0   0
   0   0   0   0   0   0  83  16   0   0   0   0  83   0   0   0   0   0   0   0  83   0   0   0   0   0   0   0   0   0   0   0   0   0   0   0   0   0   0   0   0   0   0   0   0   0   0   0   0   0   0   0   0   0   0   0   0   0   0   0   0   0   0  83   0   0   0  83   0   0   0   0   0   0   0
   0   0   0   0   0   0  83  32   0   0   0  10  83   0   0   0   0   0   0   0  83   0   0   0   0   0   0   0   0   0   0   0   0   0   0   0   0   0   0   0   0   0   0   0   0   0   0   0   0   0   0   0   0   0   0   0   0   0   0   0   0   0   0  83   0   0   0  83   0   0   0   0   0   0   0
   0   0   0   0   0   0  83   9   0   0   0   0  83   0   0   0   0   0   0   0  83   0   0   0   0   0   0   0   0   0   0   0   0   0   0   0   0   0   0   0   0   0   0   0   0   0   0   0   0   0   0   0   0   0   0   0   0  83  83  83  83  83   0  83   0   0   0  83   0   0   0   0   0   0   0
   0   0   0   0   0   0  83  83  83   0   0  83  83  83   0   0   0   0   0   0  83  83  83  83  83   0   0   0   0   0   0   0   0   0   0   0   0   0   0   0   0   0   0   0   0   0   0   0   0   0   0   0   0   0   0   0   0  83   0   0   0  83  83  83   0   0   0  83   0   0   0   0   0   0   0
   0   0   0   0   0   0  83  83  83   0   0   0   0  83   0   0   0   0   0   0  83  83   0   0  83   0   0   0   0   0   0   0   0   0   0   0   0   0   0   0   0   0   0   0   0   0   0   0   0   0   0   0   0   0   0   0   0  83   0   0   0   0   0   0   0   0   0  83   0   0   0   0   0   0   0
   0   0   0   0   0   0   0   0   0   0   0   0   0  83   0   0   0   0   0   0  83  83   0   0  83   0   0   0   0   0   0   0   0   0   0   0   0   0   0   0   0   0   0   0   0   0   0   0   0   0   0   0   0   0   0   0   0  83   0   0   0   0   0   0   0   0   0  83   0   0   0   0   0   0   0
   0   0   0   0   0   0   0   0   0   0   0   0   0  83   0   0   0   0   0   0  83  83   0   0  83   0   0   0   0   0   0   0   0   0   0   0   0   0   0   0   0   0   0   0   0   0   0   0   0   0   0   0   0   0   0   0   0  83   0   0   0   0   0   0   0   0   0  83   0   0   0   0   0   0   0
   0   0   0   0   0   0   0   0   0   0   0   0   0  83  83  83  83   0   0   0  83  83   0   0  83   0   0   0   0   0   0   0   0   0   0   0   0   0   0   0   0   0   0   0   0   0   0   0   0   0   0   0   0   0   0   0   0  83   0   0   0  83  83  83   0   0   0  83   0   0   0   0   0   0   0
   0   0  83  83  83  83  83  83  83   0   0   0   0  83  91  92  83   0   0   0  83  83   0   0  83   0   0   0   0   0   0   0   0   0   0   0   0   0   0   0   0   0   0   0   0   0   0   0   0   0   0   0   0   0   0   0   0  83  83  83  83  83   0  83   0   0   0  83   0   0   0   0   0   0   0
   0   0  83  83  83  83  83  83  83   0   0   0   0  83 107 108  83   0   0   0  83  83   0   0  83   0   0   0   0   0   0   0   0   0   0   0   0   0   0   0   0   0   0   0   0   0   0   0   0   0   0   0   0   0   0   0   0   0   0   0   0   0   0  83   0   0   0  83   0   0   0   0   0   0   0
   0   0   0   0   0   0   0  83  83   0   0   0   0  83   0   0   0   0   0   0  83  83   0   0  83   0   0   0   0   0   0   0   0   0   0   0   0   0   0   0   0   0   0   0   0   0   0   0   0   0   0   0   0   0   0   0   0   0   0   0   0   0   0  83   0   0   0  83   0   0   0   0   0   0   0
   0   0   0   0   0   0   0  83  83   0   0   0   0  83   0   0   0   0   0   0  83  83   0   0  83   0   0   0   0   0   0   0   0   0   0   0   0   0   0   0   0   0   0   0   0   0   0   0   0   0   0   0   0   0   0   0   0   0   0   0   0   0   0  83   0   0   0  83   0   0   0   0   0   0   0
   0   0   0   0   0   0   0  83  83   0   0   0   0  83   0   0   0   0   0   0  83  83   0   0  83   0   0   0   0   0   0   0   0   0   0   0   0   0   0   0   0   0   0   0   0   0   0   0   0   0   0   0   0   0   0   0   0  83  83  83  83  83   0  83   0   0   0  83   0   0   0   0   0   0   0
   0   0   0   0   0   0   0  83  83   0   0   0   0  83   0   0  83   0   0   0  83  83   0   0  83   0   0   0   0   0   0   0   0   0   0   0   0   0   0   0   0   0   0   0   0   0   0   0   0   0   0   0   0   0   0   0   0  83   0   0   0  83  83  83   0   0   0  83   0   0   0   0   0   0   0
   0   0   0   0   0   0   0  83  83   0   0   0   0  83  83  83  83   0   0   0  83  83   0   0  83   0   0   0   0   0   0   0   0   0   0   0   0   0   0   0   0   0   0   0   0   0   0   0   0   0   0   0   0   0   0   0   0  83   0   0   0   0   0   0   0   0   0  83   0   0   0   0   0   0   0
   0   0   0   0   0   0   0   0   0   0   0   0   0   0   0   0   0   0   0   0   0   0   0   0  83   0   0   0   0   0   0   0   0   0   0   0   0   0   0   0   0   0   0   0   0   0   0   0   0   0   0   0   0   0   0   0   0  83   0   0   0   0   0   0   0   0   0  83   0   0   0   0   0   0   0
   0   0   0   0   0   0   0   0   0   0   0   0   0   0   0   0   0   0   0   0   0   0   0   0  83   0   0   0   0   0   0   0   0   0   0   0   0   0   0   0   0   0   0   0   0   0   0   0   0   0   0   0   0   0   0   0   0  83   0   0   0   0   0   0   0   0   0  83   0   0   0   0   0   0   0
   0   0   0   0   0   0   0   0   0   0   0   0   0   0   0   0   0   0   0   0   0   0   0   0  83   0   0   0   0   0   0   0   0   0   0   0   0   0   0   0   0   0   0   0   0   0   0   0   0   0   0   0   0   0   0   0   0  83   0   0   0  83  83  83   0   0   0  83   0   0   0   0   0   0   0
   0   0  83  83  83  83  83  83  83  83  83  83  83  83  83  83  83  83  83  83  83  83  83  83  83   0   0   0   0   0   0   0   0   0   0   0   0   0   0   0   0   0   0   0   0   0   0   0   0   0   0   0   0   0   0   0   0  83  83  83  83  83   0  83   0   0   0  83   0   0   0   0   0   0   0
   0   0   0   0   0   0   0   0   0   0   0   0   0   0   0   0   0   0   0   0   0   0   0   0   0   0   0   0   0   0   0   0   0   0   0   0   0   0   0   0   0   0   0   0   0   0   0   0   0   0   0   0   0   0   0   0   0   0   0   0   0   0   0  83   0   0   0  83   0   0   0   0   0   0   0
   0   0   0   0   0   0   0   0   0   0   0   0   0   0   0   0   0   0   0   0   0   0   0   0   0   0   0   0   0   0   0   0   0   0   0   0   0   0   0   0   0   0   0   0   0   0   0   0   0   0   0   0   0   0   0   0   0   0   0   0   0   0   0  83   0   0   0  83   0   0   0   0   0   0   0
   0   0   0   0   0   0   0   0   0   0   0   0   0   0   0   0   0   0   0   0   0   0   0   0   0   0   0   0   0   0   0   0   0   0   0   0   0   0   0   0   0   0   0   0   0   0   0   0   0   0   0   0   0   0   0   0   0   0   0   0   0   0   0  83   0   0   0  83   0   0   0   0   0   0   0
   0   0   0   0   0   0   0   0   0   0   0   0   0   0   0   0   0   0   0   0   0   0   0   0   0   0   0   0   0   0   0   0   0   0   0   0   0   0   0   0   0   0   0   0   0   0   0   0   0   0   0   0   0   0   0   0   0  83  83  83  83  83   0  83   0   0   0  83   0   0   0   0   0   0   0
   0   0   0   0   0   0   0   0   0   0   0   0   0   0   0   0   0   0   0   0   0   0   0   0   0   0   0   0   0   0   0   0   0   0   0   0   0   0   0   0   0   0   0   0   0   0   0   0   0   0   0   0   0   0   0   0   0  83   0   0   0  83  83  83   0   0   0  83   0   0   0   0   0   0   0
   0   0   0   0   0   0   0   0   0   0   0   0   0   0   0   0   0   0   0   0   0   0   0   0   0   0   0   0   0   0   0   0   0   0   0   0   0   0   0   0   0   0   0   0   0   0   0   0   0   0   0   0   0   0   0   0   0  83   0   0   0   0   0   0   0   0   0  83   0   0   0   0   0   0   0
   0   0   0   0   0   0   0   0   0   0   0   0   0   0   0   0   0   0   0   0   0   0   0   0   0   0   0   0   0   0   0   0   0   0   0   0   0   0   0   0   0   0   0   0   0   0   0   0   0   0   0   0   0   0   0   0   0  83   0   0   0   0   0   0   0   0   0  83   0   0   0   0   0   0   0
   0   0   0   0   0   0   0   0   0   0   0   0   0   0   0   0   0   0   0   0   0   0   0   0   0   0   0   0   0   0   0   0   0   0   0   0   0   0   0   0   0   0   0   0   0   0   0   0   0   0   0   0   0   0   0   0   0  83   0   0   0   0   0   0   0   0   0  83   0   0   0   0   0   0   0
   0   0   0   0   0   0   0   0   0   0   0   0   0   0   0   0   0   0   0   0   0   0   0   0   0   0   0   0   0   0   0   0   0   0   0   0   0   0   0   0   0   0   0   0   0   0   0   0   0   0   0   0   0   0   0   0   0  83   0   0   0  83  83  83   0   0   0  83   0   0   0   0   0   0   0
   0   0   0   0   0   0   0   0   0   0   0   0   0   0   0   0   0   0   0   0   0   0   0   0   0   0   0   0   0   0   0   0   0   0   0   0   0   0   0   0   0   0   0   0   0   0   0   0   0   0   0   0   0   0   0   0   0  83  83  83  83  83   0  83   0   0   0  83   0   0   0   0   0   0   0
   0   0   0   0   0   0   0   0   0   0   0   0   0   0   0   0   0   0   0   0   0   0   0   0   0   0   0   0   0   0   0   0   0   0   0   0   0   0   0   0   0   0   0   0   0   0   0   0   0   0   0   0   0   0   0   0   0   0   0   0   0   0   0  83   0   0   0  83   0   0   0   0   0   0   0
   0   0   0   0   0   0   0   0   0   0   0   0   0   0   0   0   0   0   0   0   0   0   0   0   0   0   0   0   0   0   0   0   0   0   0   0   0   0   0   0   0   0   0   0  83  83  83  83  83  83  83  83  83  83  83  83  83  83  83  83  83  83  83  83   0   0   0  83   0   0   0   0   0   0   0
   0   0   0   0   0   0   0   0   0   0   0   0   0   0   0   0   0   0   0   0   0   0   0   0   0   0   0   0   0   0   0   0   0   0   0   0   0   0   0   0   0   0   0   0  83   0   0   0   0   0   0   0   0   0   0   0   0   0   0   0   0   0   0   0   0   0   0  83   0   0   0   0   0   0   0
   0   0   0   0   0   0   0   0   0   0   0   0   0   0   0   0   0   0   0   0   0   0   0   0   0   0   0   0   0   0   0   0   0   0   0   0   0   0   0   0   0   0   0   0  83   0   0   0   0   0   0   0   0   0   0   0   0   0   0   0   0   0   0   0   0   0   0  83   0   0   0   0   0   0   0
   0   0   0   0   0   0   0   0   0   0   0   0   0   0   0   0   0   0   0   0   0   0   0   0   0   0   0   0   0   0   0   0   0   0   0   0   0   0   0   0   0   0   0   0  83   0   0   0   0   0   0   0   0   0   0   0   0   0   0   0   0   0   0   0   0   0   0  83   0   0   0   0   0   0   0
   0   0   0   0   0   0   0   0   0   0   0   0   0   0   0   0   0   0   0   0   0   0   0   0   0   0   0   0   0   0   0   0   0   0   0   0   0   0   0   0   0   0   0   0   0   0   0   0   0   0   0   0   0   0   0   0   0   0   0   0   0   0   0   0   0   0   0   0   0   0   0   0   0   0   0