   3  20  20  20  20  20  20  20  20  14   0   0   0   0   3  20  20  20  20  20  20  14   0   0   3  20  20  20  20  20  20  20  20  20  20  20  20  20  20  20  20  20  20  20   1   0   3   1   1   1   1   1   1   1   1   1   1   1   1   1   1   1   1   1   1   1   1   1   1   1   1   1   1   1   1
   0  18  15   7   8   8   8   8   8  15  15   0   0   0   0  18  15   8   8   8   8  15  15   0   0  18  15   8   8   8   8   8   8   8   8   8   8   8   8   8   8   8   8   8  15   1   0   0   1   4   4   1   1   1   4   1   1   4   4   4   4   4   4   4   4   4   4   4   4   4   4   4   4   4   4
   1  18   9   7   7   7   7   7   7  10  21  20  20  20  20  22   9   7   7   7   7  10  15   0   0   1   1   1   1   1   1   1   1   1   1   1   1   1   1   1   1   1   1   1   1   1   0   0   1   1   1   4   4   4   4   1   1   4   4   4   4   4   4   4   4   4   4   4   4   4   4   4   4   4   4
   1  18   9   7   7   7   7   7   7   7   7   7   7   7   7   7   7   7   7   7   7  10  15   0   0   1   4   4   4   4   4   4   4   4   4   4   4   4   4   4   4   4   0   0   0   1   0   0   1   1   1   4   4   4   4   1   1   4   4   1   1   1   1   1   1   1   1   1   1   1   1   1   1   4   4
   1  18   9   7   7   7   7   7   7   7   7   7   7   7   7   7   7   7   7   7   7  10  15   0   0   1   4   4   4   4   4   4   4   4   4   4   4   4   4   4   4   4   0   0   0   1   0   0   1   1   1   4   4   4   4   4   4   4   4   1   4   4   4   4   4   4   4   4   4   4   4   4   1   4   4
   1   1   1   1   1   1   1   1   5   1   1   1   1   1   1   1   1   7   7   7   7  10  15   0   0   1   0   0   0   0   0   0   0   0   1   1   1   1   1   1   1   1   0   0   0   1   0   0   1   4   4   4   4   4   4   4   4   4   4   1   4   4   4   4   4   4   4   4   4   4   4   4   1   4   4
   1   1   4   4   4   4   4   4   1   1   4   1   1   4   1   1   1   7   7   7   7  10  15   0   0   1   0   0   0   0   0   0   0   0   1   0   0   0   0   0   0   1   0   0   0   1   1   1   1   4   4   4   4   4   4   4   4   4   4   1   1   4   4   1   1   1   1   4   4   4   1   1   1   4   4
   1   1   4   4   4   4   4   4   1   1   4   1   1   4   1   1   1   1   1   1   1   1   1   1   1   1   0   0   0   0   0   0   0   0   1  20  20  20  20  20  14   1   4   4   4   4   0   0   0   4   4   4   4   4   4   4   4   1   1   1   1   4   4   1   4   4   4   4   4   4   4   4   1   4   4
   1   1   4   4   4   4   4   4   1   1   4   1   1   4   1   1   2   1   1   4   1   1   4   4   4   4   0   0   0   0   0   0   0   0   1   8   8   8   8   3  15   1   4   4   4   4   0   0   0   4   4   4   4   4   4   4   4   1   4   4   1   4   4   1   4   4   4   4   4   4   4   4   1   4   4
   1   1   4   4   4   4   4   4   4   4   4   4   4   4   4   4   2   2   4   4   4   4   4   4   4   4   4   4   4   4   4   4   4   4   1  20  20  20  20  20  20   1   4   4   4   4   0   0   0   4   4   4   1   1   1   1   1   1   4   4   1   4   4   1   4   4   1   1   1   1   1   1   1   4   4
   1   1   4   4   4   4   4   4   4   4   4   4   4   4   4   4   2   2   4   4   4   4   4   4   4   4   4   4   4   4   4   4   4   4   1  20  20  20  20  20  20   1   4   4   4   4   1   1   1   1   1   1   1   4   4   4   4   4   4   4   1   4   4   1   4   4   1   1   4   4   4   4   4   4   4
   1   1   1   1   1   1   4   4   4   4   4   4   4   4   4   4   2   2   4   4   4   4   4   4   4   4   4   4   4   4   4   4   4   4   1   1   1   1   1   1   1   1   4   4   4   4   4   4   1   1   1   1   1   4   4   4   4   4   4   4   1   4   4   1   4   4   4   4   4   4   4   4   4   4   4
   1   1   1   1   1   1   1   1   4   4   4   4   4   4   4   4   2   2   4   4   4   4   4   4   4   4   4   4   4   4   4   4   4   4   4   4   4   4   4   4   4   4   4   4   4   4   4   4   1   1   1   1   1   1   1   1   1   1   4   4   1   4   4   1   4   4   4   4   4   4   4   1   1   1   1
   1   0   0   0   0   0   0   1   4   4   4   4   4   4   4   4   2   2   4   4   4   4   4   4   4   4   4   4   4   4   4   4   4   4   4   4   4   4   4   4   4   4   4   4   4   4   4   4   1   1   1   1   1   4   4   4   4   3   4   4   1   4   4   1   4   4   1   1   4   4   4   1   1   3   1
   1   0   0   0   0   0   0   1   4   4   4   4   4   4   4   4   2   1   4   4   4   4   4   4   4   4   4   4   4   4   4   4   4   4   4   4   4   4   4   4   4   4   4   4   4   4   4   4   4   4   4   4   4   4   4   4   4   1   4   4   1   4   4   1   4   4   1   1   4   4   4   4   4   4   4
   1   0   0   0   0   0   0   1   4   4   4   4   4   4   4   4   1   1   1   1   4   4   4   1   1   1   1   4   4   4   4   4   4   4   4   4   4   4   4   4   4   4   4   4   4   4   4   4   4   4   4   4   4   4   4   4   4   1   4   4   1   4   4   1   4   4   1   1   4   4   4   4   4   4   4
   1   0   0   0   0   0   0   1   4   4   4   4   4   4   4   4   1   1   1   1   1   1   1   1   1   1   1   4   4   4   4   1   1   1   1   1   1   1   1   1   1   1   1   1   1   1   1   1   1   1   1   1   1   4   4   4   4   1   4   4   1   4   4   1   4   4   1   1   1   1   1   1   1   4   4
   1   0   0   0   0   0   0   1   1   4   4   4   4   4   4   1   1   0   0   0   0   0   0   0   0   0   1   4   4   4   4   1   0   0   0   0   0   0   0   0   0   0   0   1   1   1   1   1   1   1   1   1   1   4   4   4   4   1   4   4   1   4   4   1   4   4   4   4   4   4   4   4   1   4   4
   1   0   0   0   0   0   0   1   4   4   4   4   4   4   4   4   1   0   0   0   0   0   0   0   0   0   1   4   4   4   4   1   0   0   0   0   0   0   0   0   0   0   0   0   1   1   4   4   4   4   4   4   1   4   4   4   4   1   4   4   1   4   4   1   4   4   4   4   4   4   4   4   1   4   4
   1   1   1   1   1   1   1   1   1   4   4   4   4   4   4   1   1   0   0   0   0   0   0   0   0   0   1   4   4   4   4   1   0   0   0   0   0   0   0   0   0   0   0   0   1   1   4   4   4   4   4   4   1   4   4   4   4   1   4   4   1   4   4   4   1   1   1   1   1   1   4   4   1   4   4
   1   1   4   4   4   4   4   1   4   4   4   4   4   4   4   4   1   0   0   0   0   0   0   0   0   0   1   4   4   4   4   1   0   0   0   0   0   0   0   0   0   0   0   0   1   1   4   4   4   4   4   4   1   4   4   4   4   1   4   4   1   4   4   4   4   4   4   4   4   4   4   4   1   4   4
   1   1   4   1   1   1   1   1   1   4   4   4   4   4   4   1   1   0   0   0   0   0   0   0   0   0   1   4   4   4   4   1   0   0   0   0   1   1   1   1   1   1   1   1   1   1   4   4   1   1   4   4   1   4   4   4   4   3   4   4   1   1   4   4   4   4   4   4   4   4   4   4   1   4   4
   1   1   1   1   1   1   1   1   4   4   4   4   4   4   4   4   1   0   0   0   0   1   1   1   1   1   1   0   0   0   0   1   0   0   0   0   1   4   4   4   4   4   4   4   1   3   4   4   1   1   4   4   1   4   4   4   4   1   4   4   4   4   1   1   1   1   1   1   1   1   4   4   1   4   4
   1   1   4   4   4   4   4   4   4   4   4   4   4   4   4   1   1   0   0   0   0   1 125   8   8   8   4   0   0   0   0   1   0   0   0   0   1   4   4   4   4   4   4   4   1   1   4   4   1   1   4   4   1   4   4   4   4   1   4   4   4   4   4   4   4   4   4   4   4   1   4   4   1   4   4
   1   1   4   4   4   4   4   4   4   4   4   4   4   4   4   4   1   0   0   0   0   1   9   7   7   7  10   0   0   0   0   1   0   0   0   0   1   4   4   1   1   4   4   4   1   1   4   4   1   1   4   4   1   4   4   4   4   1   1   1   4   4   4   4   4   4   4   4   4   1   4   4   1   4   4
   1   1   4   4   4   4   4   4   4   4   4   4   4   4   4   1   1   0   0   0   0   1   4   5   5   5   6   0   0   0   0   1   0   0   0   0   1   4   4   1   1   4   4   4   1   1   4   4   1   1   1   1   1   4   4   4   4   1   1   1   4   4   4   4   1   1   1   1   3   1   4   4   1   4   4
   1   1   4   4   4   4   4   4   4   4   4   4   4   4   4   4   1   0   0   0   0   1   7   7   7   7   7   0   0   0   0   1   0   0   0   0   1   4   4   1   1   4   4   4   4   4   4   4   4   4   4   4   4   4   4   4   4   4   4   4   4   4   4   4   1   4   4   4   4   4   4   4   1   4   4
   1   1   4   1   4   1   4   1   4   1   4   1   4   1   4   1   1   0   0   0   0   1   7   7   7   7   7   7   7   7   7   1   0   0   0   0   1   4   4   1   1   1   4   4   4   4   4   4   4   4   4   4   4   4   4   4   4   4   4   4   4   4   4   4   1   4   4   4   4   4   4   4   1   4   4
   1   1   1   1   1   1   1   1   1   1   1   1   1   1   1   1   1   0   0   0   0   1   7   7   7   7   7   7   7   7   7   1   0   0   0   0   1   4   4   1   1   1   1   4   4   1   1   1   1   1   4   4   4   4   4   4   1   1   1   1   1   1   1   1   1   4   4   1   1   1   1   1   1   4   4
   1   0   0   0   0   0   0   0   0   0   0   0   0   0   0   0   0   0   0   0   0   1   7   7   7   7   7   7   7   7   7   1   0   0   0   0   1   4   4   1   1   4   4   4   4   1   1   1   1   1   4   4   1   1   4   4   1   1   1   1   1   1   1   1   1   4   4   1   1   4   4   4   4   4   4
   1   0   0   0   0   0   0   0   0   0   0   0   0   0   0   0   0   0   0   0   0   1   7   7   7   7   7   7   7   7   7   1   0   0   0   0   1   4   4   1   1   4   4   4   4   1   4   4   4   4   4   4   1   1   4   4   4   4   4   4   4   4   4   4   1   4   4   1   1   4   4   4   4   4   4
   1   0   0   0   0   0   0   0   0   0   0   0   0   0   0   0   0   0   0   0   0   1   7   7   7   7   7   1   1   1   1   1   0   0   0   0   1   4   4   1   1   4   4   4   4   1   4   4   4   4   4   4   1   1   4   4   4   4   4   4   4   4   4   4   1   4   4   1   1   4   4   1   1   4   4
   1   0   0   0   0   0   0   0   0   0   0   0   0   0   0   0   0   0   0   0   0   1   7   7   7   7   7   1   0   0   0   0   0   0   0   0   1   4   4   1   1   4   4   1   1   1   1   1   1   1   1   1   1   1   1   1   1   1   1   1   1   1   1   1   1   4   4   1   1   4   4   1   1   4   4
   1   0   0   0   0   0   0   0   0   0   0   0   0   0   0   0   0   0   0   0   0   1   7   7   7   7   7   1   0   0   0   0   0   7   0   0   1   4   4   4   4   4   4   4   4   4   4   4   4   4   4   4   4   4   4   4   4   4   4   4   4   4   4   4   4   4   4   4   4   4   4   4   4   4   4
   1   1   1   1   1   1   1   1   1   1   1   1   1   1   1   1   1   1   1   1   1   1   7   7   7   7   7   1   1   1   1   1   1   1   1   0   1   4   4   4   4   4   4   4   4   4   4   4   4   4   4   4   4   4   4   4   4   4   4   4   4   4   4   4   4   4   4   4   4   4   4   4   4   4   4
   1   1   4   8   8   8   4   1   1   7   7   7   7   7   7   7   7   7   7   7   3   3   7   7   7   7   7   1   7   7   7   7   7   7   1   0   1   1   1   1   1   1   1   1   1   1   1   1   1   1   1   1   1   1   1   1   1   1   1   1   1   1   1   1   1   1   1   1   1   1   1   1   1   1   1
   1   1   9   7   7   7  10   1   1   7   7   7   7   7   7   7   7   7   7   7   3   3   7   7   7   7   7   1   1   1   1   1   1   1   1   0   0   0   0   0   0   0   0   0   0   0   0   0   0   0   0   0   0   0   0   0   0   0   0   4   0   4   0   0   0   0   0   0   0   0   0   0   0   0   0
   0   1   1   1   1   1   1   1   1   7   7   7   7   7   7   7   7   7   7   7   3   3   7   7   7   7   7   7   1   7   7   7   7   7   1   0   0   0   0   0   0   0   0   0   0   0   0   0   0   0   0   0   0   0   0   0   0   0   0   0   4   4   0   0   0   0   0   0   0   0   0   0   0   0   0
   0   1   1   7   1   1   7   1   1   7   7   1   1   1   1   1   1   1   7   7   3   3   7   7   7   7   7   7   7   7   7   7   7   7   1   1   1   1   1   1   1   1   1   1   1   1   1   1   1   1   1   1   1   1   1   1   1   1   1   1   1   1   1   1   1   1   1   1   1   1   1   1   1   1   1
   1   1   7   7   7   7   7   1   1   7   7   1   1   1   1   1   1   1   7   7   3   3   7   7   7   7   7   7   7   7   7   7   7   7   7   7   7   7   7   7   7   7   7   7   7   7   7   7   7   7   7   7   7   7   7   7   7   7   7   7   7   7   7   7   7   7   7   7   7   7   7   7   7   7   7
   1   1   7   7   7   7   7   1   1   7   7   1   1   7   7   7   7   7   7   7   3   3   7   1   1   1   7   7   7   7   7   7   7   7   7   7   7   7   7   7   7   7   7   7   7   7   7   7   7   7   7   7   7   7   7   7   7   7   7   7   7   7   7   7   7   7   7   7   7   7   7   7   7   7   7
   1   1   7   7   7   7   7   7   7   7   7   1   1   7   7   7   7   7   7   7   3   3   1   1   1   1   1   7   7   7   7   7   7   7   1   7   7   1   7   7   1   7   7   1   7   7   1   7   7   1   7   7   1   7   7   1   7   7   1   7   7   1   7   7   1   7   7   1   7   7   1   7   7   7   7
   1   1   7   7   7   7   7   7   7   7   7   1   1   7   7   7   7   7   7   7   3   1   1   1   1   1   1   1   7   7   7   7   7   7   1   7   7   1   7   7   1   7   7   1   7   7   1   7   7   1   7   7   1   7   7   1   7   7   1   7   7   1   7   7   1   7   7   1   7   7   1   7   7   7   7
   1   1   1   1   1   1   1   1   1   7   7   1   1   7   7   7   1   1   1   1   1   1   1   1   1   1   7   1   1   3   3   3   3   3   1   7   7   1   7   7   1   7   7   1   7   7   1   7   7   1   7   7   1   7   7   1   7   7   1   7   7   1   7   7   1   7   7   1   7   7   1   7   7   7   7
   1   1   4   8   8   8   4   1   1   7   7   1   1   7   7   7   1   7   7   7   7   1   1   1   1   1   7   1   3   3   3   3   3   3   1   1   1   1   1   1   1   1   1   1   1   1   1   1   1   1   1   1   1   1   1   1   1   1   1   1   1   1   1   1   1   1   1   1   1   1   1   7   7   7   7
   1   1   9   7   7   7  10   1   1   7   7   1   1   7   7   7   1   7   7   7   7   7   1   1   1   1   7   7   7   7   7   7   7   7   1   7   7   1   7   7   1   7   7   1   7   7   1   7   7   1   7   7   1   7   7   1   7   7   1   7   7   1   7   7   1   7   7   1   7   7   1   7   7   7   7
   1   1   1   1   1   1   1   1   1   7   7   1   1   7   7   7   1   7   7   7   7   7   7   1   1   1   7   7   7   7   7   7   7   7   1   7   7   1   7   7   1   7   7   1   7   7   1   7   7   1   7   7   1   7   7   1   7   7   1   7   7   1   7   7   1   7   7   1   7   7   1   7   7   7   7
   1   1   1   1   7   1   7   1   1   7   7   1   1   7   7   7   1   7   7   7   7   7   7   7   1   7   7   7   7   7   7   7   7   7   1   7   7   1   7   7   1   7   7   1   7   7   1   7   7   1   7   7   1   7   7   1   7   7   1   7   7   1   7   7   1   7   7   1   7   7   1   7   7   7   7
   1   1   1   7   7   7   7   1   1   7   7   1   1   7   7   7   1   7   7   7   7   7   7   7   7   7   7   7   7   7   7   7   7   7   7   7   7   7   7   7   7   7   7   7   7   7   7   7   7   7   7   7   7   7   7   7   7   7   7   7   7   7   7   7   7   7   7   7   7   7   7   7   7   7   7
   1   1   1   7   7   7   7   1   1   7   7   1   1   7   7   7   1   7   7   7   7   7   7   7   7   7   7   7   7   7   7   7   7   7   7   7   7   7   7   7   7   7   7   7   7   7   7   7   7   7   7   7   7   7   7   7   7   7   7   7   7   7   7   7   7   7   7   7   7   7   7   7   7   7   7
   1   1   1   7   7   7   7   1   1   7   7   7   7   7   7   7   1   1   1   1   1   1   1   1   1   1   1   1   1   1   1   1   1   1   1   1   1   1   1   1   1   1   1   1   1   1   1   1   1   1   1   1   1   1   1   1   1   1   1   1   1   1   1   1   1   1   1   1   1   1   1   1   1   1   1
   1   1   7   7   7   7   7   7   7   7   7   7   7   7   7   7   1   9   7   7   7   7   7   7   7   7   7   7   7   7   7   7   7   7   7   7   7   7   7   7   7   7   7   7   7   7   7   7   7   7   7   7   7   7   7   7   7   7   7   7   7   7   7   7   7   7  10   1   1   1   1   1   1   1   1
   1   1   7   7   7   7   7   7   7   7   7   7   7   7   7   7   1   9   7   7   7   7   7   7   7   7   7   7   7   7   7   7   7   7   7   7   7   7   7   7   7   7   7   7   7   7   7   7   7   7   7   7   7   7   7   7   7   7   7   7   7   7   7   7   7   7  10   1   7   7   7   7   7   7   7
   1   1   1   1   1   1   1   1   7   7   7   1   1   1   1   1   1   1   1   1   1   1   1   1   1   1   1   1   1   1   1   1   1   1   1   1   1   1   1   1   1   1   1   1   1   1   1   1   1   1   1   1   1   1   1   1   1   1   1   1   1   1   1   1   1   1   1   1   7   7   7   7   7   7   7
   1   1   1   1   1   1   1   1   7   7   7   1   4   8   8   8   1   7   7   7   7   7   7   7   7   7   7   7   7   7   7   7   7   7   7   7   7   7   7   7   7   7   7   7   7   7   7   7   7   7   7   7   7   7   7   7   7   7   7   7   7   7   7   7   7   7   7   1   7   7   7   7   7   7   7
   1   1   7   7   7   7   7   7   7   7   7   1   9   7   7   7   1   7   7   7   7   7   7   7   7   7   7   7   7   7   7   7   7   7   7   7   7   7   7   7   7   7   7   7   7   7   7   7   7   7   7   7   7   7   7   7   7   7   7   7   7   7   7   7   7   7   7   1   7   7   7   7   7   7   7
   1   1   7   7   7   7   7   7   7   7   7   1   1   1   1   1   1   7   7   7   7   7   7   7   7   7   7   7   7   7   7   7   7   7   7   7   7   7   7   7   7   7   7   7   7   7   7   7   7   7   7   7   7   7   7   7   7   7   7   7   7   7   7   7   7   7   7   1   7   7   7   7   7   7   7
   1   1   7   7   7   7   1   1   1   1   1   1   1   7   1   1   7   7   7   7   7   7   7   7   7   7   7   7   7   7   7   7   7   7   7   7   7   7   7   7   7   7   7   7   7   7   7   7   7   7   7   7   7   7   7   7   7   7   7   7   7   7   7   7   7   7   7   1   7   7   7   7   7   7   7
   1   1   7   7   7   7   1   7   7   7   7   1   1   7   7   7   7   7   7   7   1   1   1   1   1   1   1   7   7   7   1   1   1   1   1   1   1   7   7   7   1   1   1   1   1   1   1   7   7   7   1   1   1   1   1   1   1   7   7   7   1   1   1   1   7   7   7   1   7   7   7   7   7   7   7
   1   1   7   7   7   7   1   1   1   7   7   7   1   7   7   7   7   7   7   7   1   7   7   7   7   1   1   7   7   7   1   1   1   1   1   1   1   7   7   7   1   1   1   1   1   1   1   7   7   7   1   1   1   1   1   1   1   7   7   7   1   7   7   1   7   7   7   1   7   7   7   7   7   7   7
   1   1   7   7   7   7   1   1   7   7   7   7   7   7   7   7   7   7   7   7   1   7   7   7   7   1   1   7   7   7   1   1   1   1   1   1   1   7   7   7   1   1   1   1   1   1   1   7   7   7   1   1   1   1   1   1   1   7   7   7   1   1   7   1   7   7   7   1   7   7   7   7   7   7   7
   1   1   7   7   7   7   1   1   7   7   7   7   7   7   7   7   7   7   7   7   1   7   7   7   7   1   7   7   7   7   7   1   1   1   1   1   7   7   7   7   7   1   1   1   1   1   7   7   7   7   7   1   1   1   1   1   7   7   7   7   7   1   7   1   7   7   7   1   7   7   7   7   7   7   7
   1   1   7   7   7   7   1   1   1   1   1   1   1   7   7   7   7   7   7   7   1   7   7   7   7   1   7   7   7   7   7   1   1   1   1   1   7   7   7   7   7   1   1   1   1   1   7   7   7   7   7   1   1   1   1   1   7   7   7   7   7   1   7   1   7   7   7   1   7   7   7   7   7   7   7
   1   1   7   7   7   7   1   8   8   8   8   4   1   7   7   7   7   7   7   7   1   7   7   7   7   1   7   7   7   7   7   1   1   1   1   1   7   7   7   7   7   1   1   1   1   1   7   7   7   7   7   1   1   1   1   1   7   7   7   7   7   1   7   1   7   7   7   1   7   7   7   7   7   7   7
   1   1   7   7   7   7   1   1   1   1   1   1   1   7   7   7   7   7   7   7   1   7   7   7   7   1   1   1   1   1   1   1   1   1   1   1   1   1   1   1   1   1   1   1   1   1   1   1   1   1   1   1   1   1   1   1   1   1   1   1   1   1   7   1   7   7   7   1   7   7   7   7   7   7   7
   1   1   7   7   7   7   1   1   7   7   7   7   1   7   7   7   7   7   7   7   1   7   7   7   7   7   7   7   7   7   7   7   7   7   7   7   7   7   7   7   7   7   7   7   7   7   7   7   7   7   7   7   7   7   7   7   7   7   7   7   7   7   7   1   7   7   7   1   7   7   7   7   7   7   7
   1   1   7   4   7   7   1   4   4   7   7   1   1   4   4   4   4   4   7   7   1   7   7   7   7   7   7   7   7   7   7   7   7   7   7   7   7   7   7   7   7   7   7   7   7   7   7   7   7   7   7   7   7   7   7   7   7   7   7   7   7   7   7   1   7   7   7   1   7   7   7   7   7   7   7
   1   1   7   7   4   4   1   1   4   4   4   4   1   4   4   4   4   4   7   7   1   4   7   7   7   7   7   7   7   7   7   7   7   7   7   7   7   7   7   7   7   7   7   7   7   7   7   7   7   7   7   7   7   7   7   7   7   1   1   1   1   1   7   1   7   7   7   1   7   7   7   7   7   7   7
   1   1   7   7   7   7   1   1   1   7   7   1   1   1   7   7   7   7   7   7   1   1   1   1   1   7   7   7   7   7   7   7   7   7   7   7   7   7   7   7   7   7   7   7   7   7   7   7   7   7   7   7   7   7   7   7   7   1   7   7   7   1   1   1   7   7   7   7   7   7   7   7   7   7   7
   1   1   7   7   7   7   1   1   1   7   7   7   7   1   7   7   7   7   7   7   1   1   7   7   1   7   7   7   7   7   7   7   7   7   7   7   7   7   7   7   7   7   7   7   7   7   7   7   7   7   7   7   7   7   7   7   7   1   7   7   7   7   7   7   7   7   7   7   7   7   7   7   7   7   7
   1   1   7   7   7   7   7   7   7   7   7   7   7   1   7   7   7   7   7   7   1   1   7   7   1   7   7   7   7   7   7   7   7   7   7   7   7   7   7   7   7   7   7   7   7   7   7   7   7   7   7   7   7   7   7   7   7   1   7   7   7   7   7   7   7   7   7   7   7   7   7   7   7   7   7
   1   1   7   7   7   7   7   7   7   7   7   7   7   1   7   7   7   7   7   7   1   1   7   7   1   7   7   7   7   7   7   7   7   7   7   7   7   7   7   7   7   7   7   7   7   7   7   7   7   7   7   7   7   7   7   7   7   1   7   7   7   7   7   7   7   7   7   7   7   7   7   7   7   7   7
   1   1   7   7   7   7   7   7   7   7   7   7   7   1   1   1   1   7   7   7   1   1   7   7   1   7   7   7   7   7   7   7   7   7   7   7   7   7   7   7   7   7   7   7   7   7   7   7   7   7   7   7   7   7   7   7   7   1   7   7   7   1   1   1   7   7   7   7   7   7   7   7   7   7   7
   1   1   1   1   1   1   1   1   1   7   7   7   7   1   2   3   1   7   7   7   1   1   7   7   1   7   7   7   7   7   7   7   7   7   7   7   7   7   7   7   7   7   7   7   7   7   7   7   7   7   7   7   7   7   7   7   7   1   1   1   1   1   7   1   7   7   7   7   7   7   7   7   7   7   7
   1   1   1   1   1   1   1   1   1   7   7   7   7   1   4   6   1   7   7   7   1   1   7   7   1   7   7   7   7   7   7   7   7   7   7   7   7   7   7   7   7   7   7   7   7   7   7   7   7   7   7   7   7   7   7   7   7   7   7   7   7   7   7   1   7   7   7   7   7   7   7   7   7   7   7
   1   1   7   7   7   7   7   1   1   7   7   7   7   1   7   7   7   7   7   7   1   1   7   7   1   7   7   7   7   7   7   7   7   7   7   7   7   7   7   7   7   7   7   7   7   7   7   7   7   7   7   7   7   7   7   7   7   7   7   7   7   7   7   1   7   7   7   7   7   7   7   7   7   7   7
   1   1   7   7   7   7   7   1   1   7   7   7   7   1   7   7   7   7   7   7   1   1   7   7   1   7   7   7   7   7   7   7   7   7   7   7   7   7   7   7   7   7   7   7   7   7   7   7   7   7   7   7   7   7   7   7   7   7   7   7   7   7   7   1   7   7   7   7   7   7   7   7   7   7   7
   1   1   7   7   7   7   7   1   1   7   7   7   7   1   7   7   7   7   7   7   1   1   7   7   1   7   7   7   7   7   7   7   7   7   7   7   7   7   7   7   7   7   7   7   7   7   7   7   7   7   7   7   7   7   7   7   7   1   1   1   1   1   7   1   7   7   7   7   7   7   7   7   7   7   7
   1   1   7   7   7   7   7   1   1   7   7   7   7   1   7   7   1   7   7   7   1   1   7   7   1   7   7   7   7   7   7   7   7   7   7   7   7   7   7   7   7   7   7   7   7   7   7   7   7   7   7   7   7   7   7   7   7   1   7   7   7   1   1   1   7   7   7   7   7   7   7   7   7   7   7
   1   1   7   7   7   7   7   1   1   7   7   7   7   1   1   1   1   7   7   7   1   1   7   7   1   7   7   7   7   7   7   7   7   7   7   7   7   7   7   7   7   7   7   7   7   7   7   7   7   7   7   7   7   7   7   7   7   1   7   7   7   7   7   7   7   7   7   7   7   7   7   7   7   7   7
   1   1   7   7   7   7   7   7   7   7   7   7   7   7   7   7   7   7   7   7   7   7   7   7   1   7   7   7   7   7   7   7   7   7   7   7   7   7   7   7   7   7   7   7   7   7   7   7   7   7   7   7   7   7   7   7   7   1   7   7   7   7   7   7   7   7   7   7   7   7   7   7   7   7   7
   1   1   7   7   7   7   7   7   7   7   7   7   7   7   7   7   7   7   7   7   7   7   7   7   1   7   7   7   7   7   7   7   7   7   7   7   7   7   7   7   7   7   7   7   7   7   7   7   7   7   7   7   7   7   7   7   7   1   7   7   7   7   7   7   7   7   7   7   7   7   7   7   7   7   7
   1   1   7   7   7   7   7   7   7   7   7   7   7   7   7   7   7   7   7   7   7   7   7   7   1   7   7   7   7   7   7   7   7   7   7   7   7   7   7   7   7   7   7   7   7   7   7   7   7   7   7   7   7   7   7   7   7   1   7   7   7   1   1   1   7   7   7   7   7   7   7   7   7   7   7
   1   1   1   1   1   1   1   1   1   1   1   1   1   1   1   1   1   1   1   1   1   1   1   1   1   7   7   7   7   7   7   7   7   7   7   7   7   7   7   7   7   7   7   7   7   7   7   7   7   7   7   7   7   7   7   7   7   1   1   1   1   1   7   1   7   7   7   7   7   7   7   7   7   7   7
   1   1   7   7   7   7   7   7   7   7   7   7   7   7   7   7   7   7   7   7   7   7   7   7   7   7   7   7   7   7   7   7   7   7   7   7   7   7   7   7   7   7   7   7   7   7   7   7   7   7   7   7   7   7   7   7   7   7   7   7   7   7   7   1   7   7   7   7   7   7   7   7   7   7   7
   1   1   7   7   7   7   7   7   7   7   7   7   7   7   7   7   7   7   7   7   7   7   7   7   7   7   7   7   7   7   7   7   7   7   7   7   7   7   7   7   7   7   7   7   7   7   7   7   7   7   7   7   7   7   7   7   7   7   7   7   7   7   7   1   7   7   7   7   7   7   7   7   7   7   7
   1   1   7   7   7   7   7   7   7   7   7   7   7   7   7   7   7   7   7   7   7   7   7   7   7   7   7   7   7   7   7   7   7   7   7   7   7   7   7   7   7   7   7   7   7   7   7   7   7   7   7   7   7   7   7   7   7   7   7   7   7   7   7   1   7   7   7   7   7   7   7   7   7   7   7
   1   1   7   7   7   7   7   7   7   7   7   7   7   7   7   7   7   7   7   7   7   7   7   7   7   7   7   7   7   7   7   7   7   7   7   7   7   7   7   7   7   7   7   7   7   7   7   7   7   7   7   7   7   7   7   7   7   1   1   1   1   1   7   1   7   7   7   7   7   7   7   7   7   7   7
   1   1   7   7   7   7   7   7   7   7   7   7   7   7   7   7   7   7   7   7   7   7   7   7   7   7   7   7   7   7   7   7   7   7   7   7   7   7   7   7   7   7   7   7   7   7   7   7   7   7   7   7   7   7   7   7   7   1   7   7   7   1   1   1   7   7   7   7   7   7   7   7   7   7   7
   1   1   7   7   7   7   7   7   7   7   7   7   7   7   7   7   7   7   7   7   7   7   7   7   7   7   7   7   7   7   7   7   7   7   7   7   7   7   7   7   7   7   7   7   7   7   7   7   7   7   7   7   7   7   7   7   7   1   7   7   7   7   7   7   7   7   7   7   7   7   7   7   7   7   7
   1   1   7   7   7   7   7   7   7   7   7   7   7   7   7   7   7   7   7   7   7   7   7   7   7   7   7   7   7   7   7   7   7   7   7   7   7   7   7   7   7   7   7   7   7   7   7   7   7   7   7   7   7   7   7   7   7   1   7   7   7   7   7   7   7   7   7   7   7   7   7   7   7   7   7
   1   1   7   7   7   7   7   7   7   7   7   7   7   7   7   7   7   7   7   7   7   7   7   7   7   7   7   7   7   7   7   7   7   7   7   7   7   7   7   7   7   7   7   7   7   7   7   7   7   7   7   7   7   7   7   7   7   1   7   7   7   7   7   7   7   7   7   7   7   7   7   7   7   7   7
   1   1   7   7   7   7   7   7   7   7   7   7   7   7   7   7   7   7   7   7   7   7   7   7   7   7   7   7   7   7   7   7   7   7   7   7   7   7   7   7   7   7   7   7   7   7   7   7   7   7   7   7   7   7   7   7   7   1   7   7   7   1   1   1   7   7   7   7   7   7   7   7   7   7   7
   1   1   7   7   7   7   7   7   7   7   7   7   7   7   7   7   7   7   7   7   7   7   7   7   7   7   7   7   7   7   7   7   7   7   7   7   7   7   7   7   7   7   7   7   7   7   7   7   7   7   7   7   7   7   7   7   7   1   1   1   1   1   7   7   7   7   7   7   7   7   7   7   7   7   7
   1   1   7   7   7   7   7   7   7   7   7   7   7   7   7   7   7   7   7   7   7   7   7   7   7   7   7   7   7   7   7   7   7   7   7   7   7   7   7   7   7   7   7   7   7   7   7   7   7   7   7   7   7   7   7   7   7   7   7   7   7   7   7   7   7   7   7   7   7   7   7   7   7   7   7
   1   1   7   7   7   7   7   7   7   7   7   7   7   7   7   7   7   7   7   7   7   7   7   7   7   7   7   7   7   7   7   7   7   7   7   7   7   7   7   7   7   7   7   7   7   7   7   7   7   7   7   7   7   7   7   7   7   7   7   7   7   7   7   7   7   7   7   7   7   7   7   7   7   7   7
   1   1   7   7   7   7   7   7   7   7   7   7   7   7   7   7   7   7   7   7   7   7   7   7   7   7   7   7   7   7   7   7   7   7   7   7   7   7   7   7   7   7   7   7   7   7   7   7   7   7   7   7   7   7   7   7   7   7   7   7   7   7   7   7   7   7   7   7   7   7   7   7   7   7   7
   1   1   7   7   7   7   7   7   7   7   7   7   7   7   7   7   7   7   7   7   7   7   7   7   7   7   7   7   7   7   7   7   7   7   7   7   7   7   7   7   7   7   7   7   7   7   7   7   7   7   7   7   7   7   7   7   7   7   7   7   7   7   7   7   7   7   7   7   7   7   7   7   7   7   7
   1   1   7   7   7   7   7   7   7   7   7   7   7   7   7   7   7   7   7   7   7   7   7   7   7   7   7   7   7   7   7   7   7   7   7   7   7   7   7   7   7   7   7   7   7   7   7   7   7   7   7   7   7   7   7   7   7   7   7   7   7   7   7   7   7   7   7   7   7   7   7   7   7   7   7
   1   1   1   1   1   1   1   1   1   1   1   1   1   1   1   1   1   1   1   1   1   1   1   1   1   1   1   1   1   1   1   1   1   1   1   1   1   1   1   1   1   1   1   1   1   1   1   1   1   1   1   1   1   1   1   1   1   1   1   1   1   1   1   1   1   1   1   1   1   1   1   1   1   1   1